646116
242838
172042
248464
040450
408053
420438
411345
608084
515144
170054
422322
260842
102919
284511
279276
193954
407151
161764
122113
021493
409055
175361
426403
089599
045378
261360
536025
288595
135301
283212
010355
267340
185125
246795
540988
143348
002987
222022
150635
075228
295559
123590
251138
144262
413734
250140
531116
075848
148732
208579
187155
421198
248917
158809
209104
245738
432068
210532
202688
188310
057650
905499
447256
217432
434073
259229
270308
249895
412099
544035
094057
001170
506271
125022
000167
207928
114916
447304
264715
096744
213576
425422
186716
213570
162698
133883
438381
027415
628199
184404
289523
097848
175246
015880
122166
261138
257267
258665
039000
621238
725260
274703
608098
280764
248023
033743
601215
1034160
413157
274865
508327
710414
199964
050517
213350
701634
066305
224706
314318
124531
209209
053854
117967
641197
137644
036218
210358
248992
177321
293504
092561
255627
015997
096189
016588
103571
290911
207448
253329
079679
910087
240994
218986
074097
208247
189269
931395
309024
412292
288176
029535
090956
229400
303238
809025
127714
411419
410341
145454
128813
818297
076123
243279
214261
032995
410223
279120
116856
063074
439141
175651
022384
412846
025729
427508
028149
224443
267150
1056154
646022
308658
079676
237968
503983
053923
001086
841448
105407
633088
437427
405736
231480
413068
258085
079457
227836
647313
200084
621093
