284135
402300
163729
422753
065741
184711
246501
416064
097989
314558
133274
541041
261307
407314
015618
070884
137833
416004
418259
416143
056282
101605
086310
204377
293239
145865
254477
249716
312187
141795
206550
036495
099970
236622
045270
298306
239704
544969
258587
153017
271213
193600
601034
308833
142629
056355
407501
262931
292322
440710
529143
012457
252291
305106
601255
197992
515111
204512
275610
016951
291026
209395
304011
426456
648241
199089
093534
163524
195254
105222
028856
064395
179023
219092
413946
426411
086422
234198
419990
213406
177370
152679
102554
061327
253097
073498
162930
419466
088219
449129
258018
157879
426447
201662
275942
146950
303226
247718
284066
110489
167423
011650
072049
147713
267340
109147
161263
146799
096467
024358
231410
021462
022262
247997
721178
261547
050633
051845
135757
144407
424862
200905
276516
231704
246766
284986
243466
307237
021885
410158
277336
016239
180077
188547
174064
245747
064308
045855
198002
231892
122947
158941
262276
245901
112582
549316
248323
267120
255038
034499
254449
178603
116149
222198
226259
600022
516086
072439
189307
512300
194053
039084
248236
164031
107900
141848
142258
264758
122242
256313
228643
106877
234468
446635
203673
314251
230925
436076
012921
238251
203167
109320
213943
104862
254939
126583
223320
015005
011775
120329
257602
063806
279276
027067
289420
710243
196047
225895
189177
192073
132590
107960
421290
111920
065159
122742
207963
012541
176044
057953
601311
284302
212517
015796
284323
238844
249377
167807
043650
166266
261958
119078
636359
639045
053417
010343
177275
157453
230592
268013
050974
224572
211722
026671
188847
071701
734091
540222
449001
237120
144622
070112
175913
244303
054141
400367
153539
401362
120127
217183
636239
095782
076178
081826
015026
151506
120675
054697
256273
228856
288524
305387
257081
020026
271420
026339
012096
295429
208231
511955
136694
133645
419642
433366
102041
444777
021649
220054
273724
065304
443453
022234
262966
217910
011722
424402
413339
241241
051153
261034
065273
421091
310655
199206
288087
410174
138477
039660
644299
175888
441906
017356
447297
027504
128114
166512
304138
201656
508172
233258
090904
225357
446209
019515
506089
088164
093066
278892
518251
012475
203525
057849
109829
143518
092687
249914
195218
400572
133545
057876
280995
142390
114996
070299
068095
197382
249821
097173
241922
114563
206124
272078
236942
442164
124651
235432
061233
061729
118208
108517
192938
527093
256189
016846
170133
087176
171040
263585
254716
310488
044138
046170
045127
280569
108171
021641
221327
259381
232041
510302
163053
242878
296526
137231
042293
104488
297955
075295
301294
271372
221745
509951
067590
267029
227930
421396
421551
191830
152595
039194
161019
121496
152784
146619
207583
134002
017362
223363
122735
099457
540144
265830
266628
156362
069159
131571
247618
021921
278780
527034
142962
065517
032375
180799
232887
099794
022242
441602
314454
227084
266655
187940
146191
299135
070943
502259
242772
233368
020631
015975
068983
289262
106951
221502
094526
100160
057016
274464
062366
020666
408409
286288
253345
041405
040388
128157
183944
018235
165515
037962
226882
439142
247310
199719
142257
705432
514287
542114
093218
189324
212777
141641
300291
172503
020620
256486
150307
109074
311352
058392
427577
050396
033674
237119
193018
121082
037946
503339
153227
744202
100528
449087
071437
261422
203364
123319
184589
187158
109592
644290
090954
070009
042541
190753
415575
036104
218531
151748
082308
241288
