Species,Tag,OriginalStemID,TrueStemID,CensusID,DBH_true,CensusInterval,CensusDate
sp1,1,1,1,1,7.53760054216104,,0
sp1,1,1,1,2,9.86822324525956,4.87929342506146,4.87929342506146
sp1,1,1,1,3,16.0919541341749,5.02774292421107,9.90703634927252
sp1,1,1,1,4,20.4137680991966,5.10844411766831,15.0154804669408
sp1,1,1,1,5,26.3992585297951,4.76543022973707,19.7809106966779
sp1,1,1,1,6,37.0364736351304,5.04291246888111,24.823823165559
sp1,1,1,1,7,44.3043674667768,5.05060558921576,29.8744287547748
sp1,1,1,1,8,56.2439665949433,4.94252600398654,34.8169547587613
sp1,1,1,1,9,63.8208734285944,4.94533681442158,39.7622915731829
sp1,1,2,2,1,23.5790347139569,,0
sp1,1,2,2,2,30.5374963069562,4.87929342506146,4.87929342506146
sp1,1,2,2,3,36.070646176136,5.02774292421107,9.90703634927252
sp1,1,2,2,4,48.6474445526364,5.10844411766831,15.0154804669408
sp1,1,2,2,5,55.5670391275302,4.76543022973707,19.7809106966779
sp1,1,2,2,6,66.5013744640114,5.04291246888111,24.823823165559
sp1,1,2,2,7,77.5998995762377,5.05060558921576,29.8744287547748
sp1,1,2,2,8,79.8367150321494,4.94252600398654,34.8169547587613
sp1,1,2,2,9,89.3592697871013,4.94533681442158,39.7622915731829
sp1,1,3,3,1,,,0
sp1,1,3,3,2,,4.87929342506146,4.87929342506146
sp1,1,3,3,3,,5.02774292421107,9.90703634927252
sp1,1,3,3,4,,5.10844411766831,15.0154804669408
sp1,1,3,3,5,,4.76543022973707,19.7809106966779
sp1,1,3,3,6,,5.04291246888111,24.823823165559
sp1,1,3,3,7,0.150562872315699,5.05060558921576,29.8744287547748
sp1,1,3,3,8,0.150562872315699,4.94252600398654,34.8169547587613
sp1,1,3,3,9,0.832462965912623,4.94533681442158,39.7622915731829
sp1,1,4,4,1,,,0
sp1,1,4,4,2,0.306522675835534,4.87929342506146,4.87929342506146
sp1,1,4,4,3,1.95646528492596,5.02774292421107,9.90703634927252
sp1,1,4,4,4,4.74877698820337,5.10844411766831,15.0154804669408
sp1,1,4,4,5,7.4757080601187,4.76543022973707,19.7809106966779
sp1,1,4,4,6,12.4532282368242,5.04291246888111,24.823823165559
sp1,1,4,4,7,17.3241826599667,5.05060558921576,29.8744287547748
sp1,1,4,4,8,21.5172180724279,4.94252600398654,34.8169547587613
sp1,1,4,4,9,33.2547119133555,4.94533681442158,39.7622915731829
sp1,1,5,5,1,42.7415207218314,,0
sp1,1,5,5,2,45.4506258617407,4.87929342506146,4.87929342506146
sp1,1,5,5,3,54.3738713053589,5.02774292421107,9.90703634927252
sp1,1,5,5,4,61.0594947779095,5.10844411766831,15.0154804669408
sp1,1,5,5,5,65.4528653727692,4.76543022973707,19.7809106966779
sp1,1,5,5,6,65.4528653727692,5.04291246888111,24.823823165559
sp1,1,5,5,7,70.015710727766,5.05060558921576,29.8744287547748
sp1,1,5,5,8,73.420801044693,4.94252600398654,34.8169547587613
sp1,1,5,5,9,87.8222502325724,4.94533681442158,39.7622915731829
sp1,2,1,1,1,15.5426316102452,,0
sp1,2,1,1,2,19.1640392297841,5.01081065628026,5.01081065628026
sp1,2,1,1,3,27.2024891603932,5.07232007635877,10.083130732639
sp1,2,1,1,4,33.0172718510449,5.13900950960743,15.2221402422465
sp1,2,1,1,5,39.5031021140406,4.91511166016216,20.1372519024086
sp1,2,1,1,6,,5.02907228446435,25.166324186873
sp1,2,1,1,7,,5.13341760337024,30.2997417902432
sp1,2,1,1,8,,4.90986578447409,35.2096075747173
sp1,2,1,1,9,,4.97772365870672,40.187331233424
sp1,2,2,2,1,11.0045800156871,,0
sp1,2,2,2,2,17.1092853523817,5.01081065628026,5.01081065628026
sp1,2,2,2,3,21.990507117763,5.07232007635877,10.083130732639
sp1,2,2,2,4,28.0387802388318,5.13900950960743,15.2221402422465
sp1,2,2,2,5,32.3271094777987,4.91511166016216,20.1372519024086
sp1,2,2,2,6,,5.02907228446435,25.166324186873
sp1,2,2,2,7,,5.13341760337024,30.2997417902432
sp1,2,2,2,8,,4.90986578447409,35.2096075747173
sp1,2,2,2,9,,4.97772365870672,40.187331233424
sp1,2,3,3,1,7.29080687475009,,0
sp1,2,3,3,2,12.1838738770477,5.01081065628026,5.01081065628026
sp1,2,3,3,3,21.1803918920917,5.07232007635877,10.083130732639
sp1,2,3,3,4,28.079685446052,5.13900950960743,15.2221402422465
sp1,2,3,3,5,33.1402141256717,4.91511166016216,20.1372519024086
sp1,2,3,3,6,41.7183744205571,5.02907228446435,25.166324186873
sp1,2,3,3,7,45.5718090697934,5.13341760337024,30.2997417902432
sp1,2,3,3,8,51.1012837148115,4.90986578447409,35.2096075747173
sp1,2,3,3,9,,4.97772365870672,40.187331233424
sp1,2,4,4,1,,,0
sp1,2,4,4,2,,5.01081065628026,5.01081065628026
sp1,2,4,4,3,,5.07232007635877,10.083130732639
sp1,2,4,4,4,,5.13900950960743,15.2221402422465
sp1,2,4,4,5,,4.91511166016216,20.1372519024086
sp1,2,4,4,6,0.608488140821093,5.02907228446435,25.166324186873
sp1,2,4,4,7,2.3159936975399,5.13341760337024,30.2997417902432
sp1,2,4,4,8,5.42044601565413,4.90986578447409,35.2096075747173
sp1,2,4,4,9,12.2053763208539,4.97772365870672,40.187331233424
sp1,3,1,1,1,4.48498215153657,,0
sp1,3,1,1,2,8.77489445976649,5.15343319377615,5.15343319377615
sp1,3,1,1,3,16.5767591538358,4.9109797426942,10.0644129364703
sp1,3,1,1,4,23.9738095268026,4.96829209655128,15.0327050330216
sp1,3,1,1,5,,5.06120194487595,20.0939069778976
sp1,3,1,1,6,,4.94510178148317,25.0390087593808
sp1,3,1,1,7,,5.1064816463649,30.1454904057456
sp1,3,1,1,8,,4.81880866884331,34.964299074589
sp1,3,1,1,9,,5.130827341164,40.095126415753
sp1,3,2,2,1,8.6573639381074,,0
sp1,3,2,2,2,12.3775802341776,5.15343319377615,5.15343319377615
sp1,3,2,2,3,18.8334998613401,4.9109797426942,10.0644129364703
sp1,3,2,2,4,23.9085640045905,4.96829209655128,15.0327050330216
sp1,3,2,2,5,31.2025537562702,5.06120194487595,20.0939069778976
sp1,3,2,2,6,40.4797024305032,4.94510178148317,25.0390087593808
sp1,3,2,2,7,44.7625200284779,5.1064816463649,30.1454904057456
sp1,3,2,2,8,52.9723080472559,4.81880866884331,34.964299074589
sp1,3,2,2,9,60.1274094288374,5.130827341164,40.095126415753
sp1,3,3,3,1,,,0
sp1,3,3,3,2,,5.15343319377615,5.15343319377615
sp1,3,3,3,3,,4.9109797426942,10.0644129364703
sp1,3,3,3,4,0.683088136706095,4.96829209655128,15.0327050330216
sp1,3,3,3,5,2.33543199965688,5.06120194487595,20.0939069778976
sp1,3,3,3,6,8.33911946265971,4.94510178148317,25.0390087593808
sp1,3,3,3,7,12.6742621228703,5.1064816463649,30.1454904057456
sp1,3,3,3,8,18.7636201050399,4.81880866884331,34.964299074589
sp1,3,3,3,9,27.567125361204,5.130827341164,40.095126415753
sp1,3,4,4,1,6.50002973903841,,0
sp1,3,4,4,2,10.4617304505089,5.15343319377615,5.15343319377615
sp1,3,4,4,3,18.8210256655426,4.9109797426942,10.0644129364703
sp1,3,4,4,4,22.4682950976005,4.96829209655128,15.0327050330216
sp1,3,4,4,5,26.0672028785503,5.06120194487595,20.0939069778976
sp1,3,4,4,6,33.8363067839592,4.94510178148317,25.0390087593808
sp1,3,4,4,7,41.9721607803584,5.1064816463649,30.1454904057456
sp1,3,4,4,8,46.4446141329545,4.81880866884331,34.964299074589
sp1,3,4,4,9,57.5826612620316,5.130827341164,40.095126415753
sp1,3,5,5,1,,,0
sp1,3,5,5,2,,5.15343319377615,5.15343319377615
sp1,3,5,5,3,0.883549973166741,4.9109797426942,10.0644129364703
sp1,3,5,5,4,,4.96829209655128,15.0327050330216
sp1,3,5,5,5,,5.06120194487595,20.0939069778976
sp1,3,5,5,6,,4.94510178148317,25.0390087593808
sp1,3,5,5,7,,5.1064816463649,30.1454904057456
sp1,3,5,5,8,,4.81880866884331,34.964299074589
sp1,3,5,5,9,,5.130827341164,40.095126415753
sp1,3,6,6,1,,,0
sp1,3,6,6,2,,5.15343319377615,5.15343319377615
sp1,3,6,6,3,,4.9109797426942,10.0644129364703
sp1,3,6,6,4,,4.96829209655128,15.0327050330216
sp1,3,6,6,5,,5.06120194487595,20.0939069778976
sp1,3,6,6,6,,4.94510178148317,25.0390087593808
sp1,3,6,6,7,,5.1064816463649,30.1454904057456
sp1,3,6,6,8,0.393784422233795,4.81880866884331,34.964299074589
sp1,3,6,6,9,1.58695045876191,5.130827341164,40.095126415753
sp1,4,1,1,1,4.24044185003115,,0
sp1,4,1,1,2,7.06307965306693,4.68784104415755,4.68784104415755
sp1,4,1,1,3,14.7385638428367,5.16725471122431,9.85509575538186
sp1,4,1,1,4,19.7549677566377,5.0690549816449,14.9241507370268
sp1,4,1,1,5,24.4850679936528,4.90233296799289,19.8264837050196
sp1,4,1,1,6,35.0976802257501,5.00151341756049,24.8279971225801
sp1,4,1,1,7,39.124446214586,4.98345458247496,29.8114517050551
sp1,4,1,1,8,47.0363296345591,4.83397866314731,34.6454303682024
sp1,4,1,1,9,58.8871051979546,4.91215656197345,39.5575869301759
sp1,4,2,2,1,23.8371597127653,,0
sp1,4,2,2,2,27.9418054385174,4.68784104415755,4.68784104415755
sp1,4,2,2,3,40.1978136091453,5.16725471122431,9.85509575538186
sp1,4,2,2,4,41.9154771619537,5.0690549816449,14.9241507370268
sp1,4,2,2,5,47.0094234812752,4.90233296799289,19.8264837050196
sp1,4,2,2,6,50.5947334586807,5.00151341756049,24.8279971225801
sp1,4,2,2,7,54.452687446501,4.98345458247496,29.8114517050551
sp1,4,2,2,8,63.5505501684166,4.83397866314731,34.6454303682024
sp1,4,2,2,9,,4.91215656197345,39.5575869301759
sp1,4,3,3,1,14.0196161238702,,0
sp1,4,3,3,2,18.616347808195,4.68784104415755,4.68784104415755
sp1,4,3,3,3,28.8114728740155,5.16725471122431,9.85509575538186
sp1,4,3,3,4,36.8721286664519,5.0690549816449,14.9241507370268
sp1,4,3,3,5,36.8721286664519,4.90233296799289,19.8264837050196
sp1,4,3,3,6,43.6166879303779,5.00151341756049,24.8279971225801
sp1,4,3,3,7,50.8916132092287,4.98345458247496,29.8114517050551
sp1,4,3,3,8,56.2984729681555,4.83397866314731,34.6454303682024
sp1,4,3,3,9,68.8579512022074,4.91215656197345,39.5575869301759
sp1,4,4,4,1,,,0
sp1,4,4,4,2,0.799113784079293,4.68784104415755,4.68784104415755
sp1,4,4,4,3,4.17094094742192,5.16725471122431,9.85509575538186
sp1,4,4,4,4,7.76783305238072,5.0690549816449,14.9241507370268
sp1,4,4,4,5,12.3342532815247,4.90233296799289,19.8264837050196
sp1,4,4,4,6,17.2191799090629,5.00151341756049,24.8279971225801
sp1,4,4,4,7,,4.98345458247496,29.8114517050551
sp1,4,4,4,8,,4.83397866314731,34.6454303682024
sp1,4,4,4,9,,4.91215656197345,39.5575869301759
sp1,4,5,5,1,10.6143835051824,,0
sp1,4,5,5,2,14.4191051595005,4.68784104415755,4.68784104415755
sp1,4,5,5,3,22.7768578924581,5.16725471122431,9.85509575538186
sp1,4,5,5,4,28.1927511889302,5.0690549816449,14.9241507370268
sp1,4,5,5,5,33.6196570780854,4.90233296799289,19.8264837050196
sp1,4,5,5,6,,5.00151341756049,24.8279971225801
sp1,4,5,5,7,,4.98345458247496,29.8114517050551
sp1,4,5,5,8,,4.83397866314731,34.6454303682024
sp1,4,5,5,9,,4.91215656197345,39.5575869301759
sp1,5,1,1,1,6.40824509054799,,0
sp1,5,1,1,2,9.73321768190376,4.83573434165993,4.83573434165993
sp1,5,1,1,3,17.3477472519295,5.12162813971656,9.95736248137649
sp1,5,1,1,4,23.0007170041565,4.92563475607021,14.8829972374467
sp1,5,1,1,5,28.5158554284573,5.09430824149071,19.9773054789374
sp1,5,1,1,6,40.4608044267092,4.98764979238675,24.9649552713242
sp1,5,1,1,7,45.0476420372749,5.00705507685899,29.9720103481832
sp1,5,1,1,8,50.5203017577484,5.05204732103905,35.0240576692222
sp1,5,1,1,9,57.5192308979012,4.91001609102507,39.9340737602473
sp1,5,2,2,1,6.21507048159371,,0
sp1,5,2,2,2,9.50147569887917,4.83573434165993,4.83573434165993
sp1,5,2,2,3,18.2683669212945,5.12162813971656,9.95736248137649
sp1,5,2,2,4,24.7492778077267,4.92563475607021,14.8829972374467
sp1,5,2,2,5,28.1832990735897,5.09430824149071,19.9773054789374
sp1,5,2,2,6,36.8021593238649,4.98764979238675,24.9649552713242
sp1,5,2,2,7,44.3465621148278,5.00705507685899,29.9720103481832
sp1,5,2,2,8,49.602239380827,5.05204732103905,35.0240576692222
sp1,5,2,2,9,62.7205491859384,4.91001609102507,39.9340737602473
sp1,6,1,1,1,4.8706074314952,,0
sp1,6,1,1,2,7.43920653396057,4.98227178074702,4.98227178074702
sp1,6,1,1,3,14.1123703369616,4.93918942364222,9.92146120438925
sp1,6,1,1,4,19.0469278599411,4.96455593698341,14.8860171413727
sp1,6,1,1,5,25.382502683136,5.12748892343215,20.0135060648048
sp1,6,1,1,6,34.6640482083669,5.07075463814202,25.0842607029468
sp1,6,1,1,7,40.3428469858489,5.01066657829362,30.0949272812404
sp1,6,1,1,8,49.9181951160049,4.97292519513323,35.0678524763737
sp1,6,1,1,9,60.829699133354,5.0341573485848,40.1020098249585
sp1,6,2,2,1,10.9594495766941,,0
sp1,6,2,2,2,15.5560790299423,4.98227178074702,4.98227178074702
sp1,6,2,2,3,24.8318263727866,4.93918942364222,9.92146120438925
sp1,6,2,2,4,31.0617635304183,4.96455593698341,14.8860171413727
sp1,6,2,2,5,35.1181110082755,5.12748892343215,20.0135060648048
sp1,6,2,2,6,47.9330044388622,5.07075463814202,25.0842607029468
sp1,6,2,2,7,57.2409914018824,5.01066657829362,30.0949272812404
sp1,6,2,2,8,65.9169929722702,4.97292519513323,35.0678524763737
sp1,6,2,2,9,79.2020214717104,5.0341573485848,40.1020098249585
sp1,6,3,3,1,13.0585090322783,,0
sp1,6,3,3,2,16.9632456904451,4.98227178074702,4.98227178074702
sp1,6,3,3,3,25.917705988931,4.93918942364222,9.92146120438925
sp1,6,3,3,4,29.755092380173,4.96455593698341,14.8860171413727
sp1,6,3,3,5,34.0588407154172,5.12748892343215,20.0135060648048
sp1,6,3,3,6,43.9964446074937,5.07075463814202,25.0842607029468
sp1,6,3,3,7,49.7177018081191,5.01066657829362,30.0949272812404
sp1,6,3,3,8,56.0145846289356,4.97292519513323,35.0678524763737
sp1,6,3,3,9,69.369781302457,5.0341573485848,40.1020098249585
sp1,7,1,1,1,3.34172921202459,,0
sp1,7,1,1,2,7.29646146979859,5.10338832884193,5.10338832884193
sp1,7,1,1,3,14.4271150005804,4.99629776975653,10.0996860985985
sp1,7,1,1,4,21.2140473821209,5.24982923083807,15.3495153294365
sp1,7,1,1,5,27.0271497069647,4.97624296761527,20.3257582970518
sp1,7,1,1,6,34.7149078956764,5.09024691718621,25.416005214238
sp1,7,1,1,7,37.1595683300531,4.77549742335548,30.1915026375935
sp1,7,1,1,8,41.5594692834303,4.88911812138916,35.0806207589827
sp1,7,1,1,9,50.862992047704,5.00095540344296,40.0815761624256
sp1,7,2,2,1,21.4478174185367,,0
sp1,7,2,2,2,25.1960523022675,5.10338832884193,5.10338832884193
sp1,7,2,2,3,34.0050170918211,4.99629776975653,10.0996860985985
sp1,7,2,2,4,40.5071204241499,5.24982923083807,15.3495153294365
sp1,7,2,2,5,46.064436486225,4.97624296761527,20.3257582970518
sp1,7,2,2,6,59.2520622761788,5.09024691718621,25.416005214238
sp1,7,2,2,7,62.5793493487772,4.77549742335548,30.1915026375935
sp1,7,2,2,8,69.4321372809456,4.88911812138916,35.0806207589827
sp1,7,2,2,9,84.3860231263031,5.00095540344296,40.0815761624256
sp1,7,3,3,1,,,0
sp1,7,3,3,2,,5.10338832884193,5.10338832884193
sp1,7,3,3,3,,4.99629776975653,10.0996860985985
sp1,7,3,3,4,0.945824789496649,5.24982923083807,15.3495153294365
sp1,7,3,3,5,3.06062695956416,4.97624296761527,20.3257582970518
sp1,7,3,3,6,8.7215529806724,5.09024691718621,25.416005214238
sp1,7,3,3,7,13.4252855538209,4.77549742335548,30.1915026375935
sp1,7,3,3,8,18.8879871156352,4.88911812138916,35.0806207589827
sp1,7,3,3,9,27.3676730627151,5.00095540344296,40.0815761624256
sp1,7,4,4,1,5.00412188196485,,0
sp1,7,4,4,2,9.12343020172261,5.10338832884193,5.10338832884193
sp1,7,4,4,3,,4.99629776975653,10.0996860985985
sp1,7,4,4,4,,5.24982923083807,15.3495153294365
sp1,7,4,4,5,,4.97624296761527,20.3257582970518
sp1,7,4,4,6,,5.09024691718621,25.416005214238
sp1,7,4,4,7,,4.77549742335548,30.1915026375935
sp1,7,4,4,8,,4.88911812138916,35.0806207589827
sp1,7,4,4,9,,5.00095540344296,40.0815761624256
sp1,7,5,5,1,,,0
sp1,7,5,5,2,0.684099080544639,5.10338832884193,5.10338832884193
sp1,7,5,5,3,4.14792763216517,4.99629776975653,10.0996860985985
sp1,7,5,5,4,8.359768591008,5.24982923083807,15.3495153294365
sp1,7,5,5,5,11.6380788320208,4.97624296761527,20.3257582970518
sp1,7,5,5,6,19.8509030148272,5.09024691718621,25.416005214238
sp1,7,5,5,7,25.8835812082148,4.77549742335548,30.1915026375935
sp1,7,5,5,8,,4.88911812138916,35.0806207589827
sp1,7,5,5,9,,5.00095540344296,40.0815761624256
sp1,8,1,1,1,12.9113134381403,,0
sp1,8,1,1,2,16.9218456902416,5.01336860943488,5.01336860943488
sp1,8,1,1,3,,5.01200237965521,10.0253709890901
sp1,8,1,1,4,,5.12714285425901,15.1525138433491
sp1,8,1,1,5,,4.94730444613718,20.0998182894863
sp1,8,1,1,6,,5.03516676941447,25.1349850589007
sp1,8,1,1,7,,4.87292285071706,30.0079079096178
sp1,8,1,1,8,,4.98427217253254,34.9921800821503
sp1,8,1,1,9,,4.83355783719876,39.8257379193491
sp1,8,2,2,1,9.34787934472869,,0
sp1,8,2,2,2,13.5363753007801,5.01336860943488,5.01336860943488
sp1,8,2,2,3,21.2056358716274,5.01200237965521,10.0253709890901
sp1,8,2,2,4,25.6636436363653,5.12714285425901,15.1525138433491
sp1,8,2,2,5,32.8032730219344,4.94730444613718,20.0998182894863
sp1,8,2,2,6,43.4674494725463,5.03516676941447,25.1349850589007
sp1,8,2,2,7,49.8299416365183,4.87292285071706,30.0079079096178
sp1,8,2,2,8,57.5565620446921,4.98427217253254,34.9921800821503
sp1,8,2,2,9,71.011106342152,4.83355783719876,39.8257379193491
sp1,8,3,3,1,9.6391501387698,,0
sp1,8,3,3,2,13.2227086187878,5.01336860943488,5.01336860943488
sp1,8,3,3,3,20.7122840895691,5.01200237965521,10.0253709890901
sp1,8,3,3,4,27.3123688708343,5.12714285425901,15.1525138433491
sp1,8,3,3,5,,4.94730444613718,20.0998182894863
sp1,8,3,3,6,,5.03516676941447,25.1349850589007
sp1,8,3,3,7,,4.87292285071706,30.0079079096178
sp1,8,3,3,8,,4.98427217253254,34.9921800821503
sp1,8,3,3,9,,4.83355783719876,39.8257379193491
sp1,9,1,1,1,7.92914621295434,,0
sp1,9,1,1,2,11.0243114082148,4.9836913249862,4.9836913249862
sp1,9,1,1,3,17.9865743749421,5.04445759488629,10.0281489198725
sp1,9,1,1,4,26.6593101294591,5.09101336374827,15.1191622836208
sp1,9,1,1,5,33.0895221277093,4.99710409882199,20.1162663824428
sp1,9,1,1,6,43.342397773343,4.96736297002211,25.0836293524649
sp1,9,1,1,7,49.0857381281233,4.76859758646229,29.8522269389272
sp1,9,1,1,8,55.675308224816,4.97972872567859,34.8319556646057
sp1,9,1,1,9,67.7846299770974,4.92158123713311,39.7535369017389
sp1,9,2,2,1,,,0
sp1,9,2,2,2,,4.9836913249862,4.9836913249862
sp1,9,2,2,3,,5.04445759488629,10.0281489198725
sp1,9,2,2,4,,5.09101336374827,15.1191622836208
sp1,9,2,2,5,,4.99710409882199,20.1162663824428
sp1,9,2,2,6,0.807912745037319,4.96736297002211,25.0836293524649
sp1,9,2,2,7,2.41173534442253,4.76859758646229,29.8522269389272
sp1,9,2,2,8,5.22334818723685,4.97972872567859,34.8319556646057
sp1,9,2,2,9,12.2249187484715,4.92158123713311,39.7535369017389
sp1,9,3,3,1,9.27777758704706,,0
sp1,9,3,3,2,12.4155962421404,4.9836913249862,4.9836913249862
sp1,9,3,3,3,21.6317475601309,5.04445759488629,10.0281489198725
sp1,9,3,3,4,25.8329001743271,5.09101336374827,15.1191622836208
sp1,9,3,3,5,29.8432879081441,4.99710409882199,20.1162663824428
sp1,9,3,3,6,37.0260294004416,4.96736297002211,25.0836293524649
sp1,9,3,3,7,43.1394912258299,4.76859758646229,29.8522269389272
sp1,9,3,3,8,50.6334601751621,4.97972872567859,34.8319556646057
sp1,9,3,3,9,58.2802545184708,4.92158123713311,39.7535369017389
sp1,10,1,1,1,3.29354277867716,,0
sp1,10,1,1,2,5.28459951936298,4.95346250467088,4.95346250467088
sp1,10,1,1,3,10.3394765659614,4.99646506014879,9.94992756481968
sp1,10,1,1,4,15.0711148797875,4.95069328964002,14.9006208544597
sp1,10,1,1,5,19.5450936331484,5.13966911608555,20.0402899705452
sp1,10,1,1,6,25.143143497749,4.89745544490197,24.9377454154472
sp1,10,1,1,7,30.5484178417523,5.01890726974512,29.9566526851923
sp1,10,1,1,8,36.251181918132,5.07186757600081,35.0285202611931
sp1,10,1,1,9,45.9571641768611,5.00077661298513,40.0292968741783
sp1,10,2,2,1,7.95099179777898,,0
sp1,10,2,2,2,12.7878981550553,4.95346250467088,4.95346250467088
sp1,10,2,2,3,21.8555765102022,4.99646506014879,9.94992756481968
sp1,10,2,2,4,26.6360052957308,4.95069328964002,14.9006208544597
sp1,10,2,2,5,30.2687315973819,5.13966911608555,20.0402899705452
sp1,10,2,2,6,38.4923865280134,4.89745544490197,24.9377454154472
sp1,10,2,2,7,41.1246960374901,5.01890726974512,29.9566526851923
sp1,10,2,2,8,44.3808875369546,5.07186757600081,35.0285202611931
sp1,10,2,2,9,50.3646856072452,5.00077661298513,40.0292968741783
sp1,10,3,3,1,21.9926534085618,,0
sp1,10,3,3,2,28.8301139870804,4.95346250467088,4.95346250467088
sp1,10,3,3,3,34.9618941661852,4.99646506014879,9.94992756481968
sp1,10,3,3,4,,4.95069328964002,14.9006208544597
sp1,10,3,3,5,,5.13966911608555,20.0402899705452
sp1,10,3,3,6,,4.89745544490197,24.9377454154472
sp1,10,3,3,7,,5.01890726974512,29.9566526851923
sp1,10,3,3,8,,5.07186757600081,35.0285202611931
sp1,10,3,3,9,,5.00077661298513,40.0292968741783
sp2,11,1,1,1,8.63967870031078,,0
sp2,11,1,1,2,16.3972876824508,5.21104051434976,5.21104051434976
sp2,11,1,1,3,20.802903858435,4.86746160554289,10.0785021198927
sp2,11,1,1,4,23.520241619974,4.89660413524616,14.9751062551388
sp2,11,1,1,5,29.2894766065592,5.06574510404107,20.0408513591799
sp2,11,1,1,6,36.3130124456552,4.8837140255194,24.9245653846993
sp2,11,1,1,7,,4.74700007196827,29.6715654566675
sp2,11,1,1,8,,4.91391196837514,34.5854774250427
sp2,11,1,1,9,,5.01899780155228,39.604475226595
sp2,11,2,2,1,,,0
sp2,11,2,2,2,0.735043093518295,5.21104051434976,5.21104051434976
sp2,11,2,2,3,2.39936804112311,4.86746160554289,10.0785021198927
sp2,11,2,2,4,5.24686300672238,4.89660413524616,14.9751062551388
sp2,11,2,2,5,10.0020771546501,5.06574510404107,20.0408513591799
sp2,11,2,2,6,14.3609051585543,4.8837140255194,24.9245653846993
sp2,11,2,2,7,18.9358063489459,4.74700007196827,29.6715654566675
sp2,11,2,2,8,26.2118186284195,4.91391196837514,34.5854774250427
sp2,11,2,2,9,32.913241860832,5.01899780155228,39.604475226595
sp2,11,3,3,1,,,0
sp2,11,3,3,2,0.60720382881204,5.21104051434976,5.21104051434976
sp2,11,3,3,3,2.45614292618024,4.86746160554289,10.0785021198927
sp2,11,3,3,4,5.48599239441878,4.89660413524616,14.9751062551388
sp2,11,3,3,5,10.4431714731393,5.06574510404107,20.0408513591799
sp2,11,3,3,6,18.4029569931739,4.8837140255194,24.9245653846993
sp2,11,3,3,7,25.8914910608487,4.74700007196827,29.6715654566675
sp2,11,3,3,8,33.3171192662001,4.91391196837514,34.5854774250427
sp2,11,3,3,9,42.0588954408295,5.01899780155228,39.604475226595
sp2,11,4,4,1,40.0598513863198,,0
sp2,11,4,4,2,41.4333645136836,5.21104051434976,5.21104051434976
sp2,11,4,4,3,47.6929905982634,4.86746160554289,10.0785021198927
sp2,11,4,4,4,57.7284110009167,4.89660413524616,14.9751062551388
sp2,11,4,4,5,73.4295527586944,5.06574510404107,20.0408513591799
sp2,11,4,4,6,73.4295527586944,4.8837140255194,24.9245653846993
sp2,11,4,4,7,80.3682574882728,4.74700007196827,29.6715654566675
sp2,11,4,4,8,89.5816922462197,4.91391196837514,34.5854774250427
sp2,11,4,4,9,106.674208727774,5.01899780155228,39.604475226595
sp2,11,5,5,1,21.8622947606904,,0
sp2,11,5,5,2,30.3698561296652,5.21104051434976,5.21104051434976
sp2,11,5,5,3,34.2283143937122,4.86746160554289,10.0785021198927
sp2,11,5,5,4,,4.89660413524616,14.9751062551388
sp2,11,5,5,5,,5.06574510404107,20.0408513591799
sp2,11,5,5,6,,4.8837140255194,24.9245653846993
sp2,11,5,5,7,,4.74700007196827,29.6715654566675
sp2,11,5,5,8,,4.91391196837514,34.5854774250427
sp2,11,5,5,9,,5.01899780155228,39.604475226595
sp2,11,6,6,1,14.5956868300171,,0
sp2,11,6,6,2,20.1073516841543,5.21104051434976,5.21104051434976
sp2,11,6,6,3,28.4180703845694,4.86746160554289,10.0785021198927
sp2,11,6,6,4,32.3695783153109,4.89660413524616,14.9751062551388
sp2,11,6,6,5,40.1055667917066,5.06574510404107,20.0408513591799
sp2,11,6,6,6,44.1097118334371,4.8837140255194,24.9245653846993
sp2,11,6,6,7,50.0695951895776,4.74700007196827,29.6715654566675
sp2,11,6,6,8,,4.91391196837514,34.5854774250427
sp2,11,6,6,9,,5.01899780155228,39.604475226595
sp2,12,1,1,1,10.8924372061619,,0
sp2,12,1,1,2,17.4008395038545,5.01599110598817,5.01599110598817
sp2,12,1,1,3,27.5671063497207,5.23402227803694,10.2500133840251
sp2,12,1,1,4,36.594123209286,4.79163561098677,15.0416489950119
sp2,12,1,1,5,45.6616666854919,4.83412533691728,19.8757743319292
sp2,12,1,1,6,52.8900381628903,5.05865142028622,24.9344257522154
sp2,12,1,1,7,58.0444922562851,4.99916178413308,29.9335875363485
sp2,12,1,1,8,61.7113083590723,5.02634080120959,34.959928337558
sp2,12,1,1,9,70.5340066938492,4.91380243850718,39.8737307760652
sp2,12,2,2,1,,,0
sp2,12,2,2,2,,5.01599110598817,5.01599110598817
sp2,12,2,2,3,,5.23402227803694,10.2500133840251
sp2,12,2,2,4,,4.79163561098677,15.0416489950119
sp2,12,2,2,5,0.600457721957945,4.83412533691728,19.8757743319292
sp2,12,2,2,6,2.47868811414532,5.05865142028622,24.9344257522154
sp2,12,2,2,7,7.64928519950381,4.99916178413308,29.9335875363485
sp2,12,2,2,8,11.6906807712417,5.02634080120959,34.959928337558
sp2,12,2,2,9,15.448846730925,4.91380243850718,39.8737307760652
sp2,12,3,3,1,,,0
sp2,12,3,3,2,,5.01599110598817,5.01599110598817
sp2,12,3,3,3,,5.23402227803694,10.2500133840251
sp2,12,3,3,4,,4.79163561098677,15.0416489950119
sp2,12,3,3,5,0.960108146617771,4.83412533691728,19.8757743319292
sp2,12,3,3,6,3.22947939934785,5.05865142028622,24.9344257522154
sp2,12,3,3,7,7.209192314721,4.99916178413308,29.9335875363485
sp2,12,3,3,8,13.2918173347669,5.02634080120959,34.959928337558
sp2,12,3,3,9,19.641183068151,4.91380243850718,39.8737307760652
sp2,12,4,4,1,16.1564824442262,,0
sp2,12,4,4,2,20.0750882717572,5.01599110598817,5.01599110598817
sp2,12,4,4,3,26.1003990825245,5.23402227803694,10.2500133840251
sp2,12,4,4,4,34.259771603734,4.79163561098677,15.0416489950119
sp2,12,4,4,5,40.7452537149948,4.83412533691728,19.8757743319292
sp2,12,4,4,6,46.6845798333668,5.05865142028622,24.9344257522154
sp2,12,4,4,7,54.5704373345477,4.99916178413308,29.9335875363485
sp2,12,4,4,8,61.817680565584,5.02634080120959,34.959928337558
sp2,12,4,4,9,64.9795688125803,4.91380243850718,39.8737307760652
sp2,13,1,1,1,16.7649761422443,,0
sp2,13,1,1,2,24.2104211245691,5.03618183290644,5.03618183290644
sp2,13,1,1,3,,5.06488322535018,10.1010650582566
sp2,13,1,1,4,,5.06405293150535,15.165117989762
sp2,13,1,1,5,,4.8826960746032,20.0478140643652
sp2,13,1,1,6,,5.04067736163334,25.0884914259985
sp2,13,1,1,7,,4.94171087400585,30.0302023000044
sp2,13,1,1,8,,5.06793303427306,35.0981353342774
sp2,13,1,1,9,,4.98518721488902,40.0833225491664
sp2,13,2,2,1,20.8602081084559,,0
sp2,13,2,2,2,29.1374563730263,5.03618183290644,5.03618183290644
sp2,13,2,2,3,36.4110484518732,5.06488322535018,10.1010650582566
sp2,13,2,2,4,45.5179707658775,5.06405293150535,15.165117989762
sp2,13,2,2,5,54.3681715804367,4.8826960746032,20.0478140643652
sp2,13,2,2,6,62.5330928137592,5.04067736163334,25.0884914259985
sp2,13,2,2,7,73.8143001638925,4.94171087400585,30.0302023000044
sp2,13,2,2,8,76.4983882410789,5.06793303427306,35.0981353342774
sp2,13,2,2,9,88.2665759588705,4.98518721488902,40.0833225491664
sp2,14,1,1,1,6.04730626908306,,0
sp2,14,1,1,2,13.0779676091159,5.11745233904414,5.11745233904414
sp2,14,1,1,3,18.6412805527181,4.97575971213359,10.0932120511777
sp2,14,1,1,4,25.0585244724218,5.0196262654141,15.1128383165918
sp2,14,1,1,5,32.0103292381838,4.86291649638034,19.9757548129722
sp2,14,1,1,6,42.0587804636424,5.04980127334024,25.0255560863124
sp2,14,1,1,7,57.1873475271842,4.83210663303324,29.8576627193456
sp2,14,1,1,8,,4.93117567939172,34.7888383987374
sp2,14,1,1,9,,4.98586873848223,39.7747071372196
sp2,14,2,2,1,4.22496194658711,,0
sp2,14,2,2,2,10.1509525017205,5.11745233904414,5.11745233904414
sp2,14,2,2,3,17.1353854457536,4.97575971213359,10.0932120511777
sp2,14,2,2,4,25.3985587094694,5.0196262654141,15.1128383165918
sp2,14,2,2,5,32.8918442680244,4.86291649638034,19.9757548129722
sp2,14,2,2,6,36.3081256700216,5.04980127334024,25.0255560863124
sp2,14,2,2,7,47.7119241706931,4.83210663303324,29.8576627193456
sp2,14,2,2,8,47.7119241706931,4.93117567939172,34.7888383987374
sp2,14,2,2,9,53.700247671509,4.98586873848223,39.7747071372196
sp2,14,3,3,1,11.374674327598,,0
sp2,14,3,3,2,18.9005391893406,5.11745233904414,5.11745233904414
sp2,14,3,3,3,26.3787734915994,4.97575971213359,10.0932120511777
sp2,14,3,3,4,34.2442098647956,5.0196262654141,15.1128383165918
sp2,14,3,3,5,41.1462137064232,4.86291649638034,19.9757548129722
sp2,14,3,3,6,47.2901804126808,5.04980127334024,25.0255560863124
sp2,14,3,3,7,50.6605742956398,4.83210663303324,29.8576627193456
sp2,14,3,3,8,57.8198069013311,4.93117567939172,34.7888383987374
sp2,14,3,3,9,58.206576604627,4.98586873848223,39.7747071372196
sp2,14,4,4,1,,,0
sp2,14,4,4,2,,5.11745233904414,5.11745233904414
sp2,14,4,4,3,,4.97575971213359,10.0932120511777
sp2,14,4,4,4,0.72059589866703,5.0196262654141,15.1128383165918
sp2,14,4,4,5,2.54776910263333,4.86291649638034,19.9757548129722
sp2,14,4,4,6,5.27021553828766,5.04980127334024,25.0255560863124
sp2,14,4,4,7,7.35982229677192,4.83210663303324,29.8576627193456
sp2,14,4,4,8,14.2130426672156,4.93117567939172,34.7888383987374
sp2,14,4,4,9,19.7956282497261,4.98586873848223,39.7747071372196
sp2,15,1,1,1,,,0
sp2,15,1,1,2,,5.02050935239291,5.02050935239291
sp2,15,1,1,3,,4.83139688206414,9.85190623445705
sp2,15,1,1,4,,4.8326040597762,14.6845102942333
sp2,15,1,1,5,0.876947827018533,4.83490605290662,19.5194163471399
sp2,15,1,1,6,4.06403798666422,5.05520549421655,24.5746218413564
sp2,15,1,1,7,7.3233081858001,5.04490074366814,29.6195225850246
sp2,15,1,1,8,12.1375475169085,4.98049573501367,34.6000183200382
sp2,15,1,1,9,17.8598578568593,5.12141743074556,39.7214357507838
sp2,15,2,2,1,6.43536433022576,,0
sp2,15,2,2,2,14.2440581825336,5.02050935239291,5.02050935239291
sp2,15,2,2,3,21.8334446020297,4.83139688206414,9.85190623445705
sp2,15,2,2,4,29.0421857674441,4.8326040597762,14.6845102942333
sp2,15,2,2,5,34.6000109586872,4.83490605290662,19.5194163471399
sp2,15,2,2,6,43.0288024555046,5.05520549421655,24.5746218413564
sp2,15,2,2,7,49.3565865475672,5.04490074366814,29.6195225850246
sp2,15,2,2,8,59.9277754247837,4.98049573501367,34.6000183200382
sp2,15,2,2,9,73.3261746653997,5.12141743074556,39.7214357507838
sp2,15,3,3,1,,,0
sp2,15,3,3,2,,5.02050935239291,5.02050935239291
sp2,15,3,3,3,,4.83139688206414,9.85190623445705
sp2,15,3,3,4,,4.8326040597762,14.6845102942333
sp2,15,3,3,5,,4.83490605290662,19.5194163471399
sp2,15,3,3,6,,5.05520549421655,24.5746218413564
sp2,15,3,3,7,0.50304619455479,5.04490074366814,29.6195225850246
sp2,15,3,3,8,1.15893696968442,4.98049573501367,34.6000183200382
sp2,15,3,3,9,3.4228795483426,5.12141743074556,39.7214357507838
sp2,15,4,4,1,6.35708217032227,,0
sp2,15,4,4,2,13.0595392431898,5.02050935239291,5.02050935239291
sp2,15,4,4,3,19.2561689359655,4.83139688206414,9.85190623445705
sp2,15,4,4,4,25.2996479807976,4.8326040597762,14.6845102942333
sp2,15,4,4,5,30.6353739063133,4.83490605290662,19.5194163471399
sp2,15,4,4,6,35.2883124731881,5.05520549421655,24.5746218413564
sp2,15,4,4,7,38.5236511089173,5.04490074366814,29.6195225850246
sp2,15,4,4,8,53.6197682694375,4.98049573501367,34.6000183200382
sp2,15,4,4,9,64.3669168174391,5.12141743074556,39.7214357507838
sp2,15,5,5,1,10.5277296877634,,0
sp2,15,5,5,2,16.4850890112292,5.02050935239291,5.02050935239291
sp2,15,5,5,3,21.7020690264341,4.83139688206414,9.85190623445705
sp2,15,5,5,4,24.5553681399127,4.8326040597762,14.6845102942333
sp2,15,5,5,5,34.8523448770201,4.83490605290662,19.5194163471399
sp2,15,5,5,6,41.9172633535156,5.05520549421655,24.5746218413564
sp2,15,5,5,7,50.2988999217725,5.04490074366814,29.6195225850246
sp2,15,5,5,8,55.394425133033,4.98049573501367,34.6000183200382
sp2,15,5,5,9,68.7978590705211,5.12141743074556,39.7214357507838
sp2,16,1,1,1,,,0
sp2,16,1,1,2,,5.11727588969752,5.11727588969752
sp2,16,1,1,3,,5.01954596797407,10.1368218576716
sp2,16,1,1,4,,5.00834766885357,15.1451695265252
sp2,16,1,1,5,,4.80827972283443,19.9534492493596
sp2,16,1,1,6,,5.02484190752079,24.9782911568804
sp2,16,1,1,7,,5.0068862321307,29.9851773890111
sp2,16,1,1,8,0.463965085664519,4.91124322745789,34.896420616469
sp2,16,1,1,9,1.87764179786707,4.96714979128471,39.8635704077537
sp2,16,2,2,1,86.0949594753855,,0
sp2,16,2,2,2,98.9695200975576,5.11727588969752,5.11727588969752
sp2,16,2,2,3,111.183181552018,5.01954596797407,10.1368218576716
sp2,16,2,2,4,,5.00834766885357,15.1451695265252
sp2,16,2,2,5,,4.80827972283443,19.9534492493596
sp2,16,2,2,6,,5.02484190752079,24.9782911568804
sp2,16,2,2,7,,5.0068862321307,29.9851773890111
sp2,16,2,2,8,,4.91124322745789,34.896420616469
sp2,16,2,2,9,,4.96714979128471,39.8635704077537
sp2,16,3,3,1,7.9341289068332,,0
sp2,16,3,3,2,13.081546789332,5.11727588969752,5.11727588969752
sp2,16,3,3,3,17.1829316733304,5.01954596797407,10.1368218576716
sp2,16,3,3,4,23.5024416926243,5.00834766885357,15.1451695265252
sp2,16,3,3,5,31.0641051887645,4.80827972283443,19.9534492493596
sp2,16,3,3,6,34.8811797960768,5.02484190752079,24.9782911568804
sp2,16,3,3,7,41.5196960145915,5.0068862321307,29.9851773890111
sp2,16,3,3,8,42.4580931827269,4.91124322745789,34.896420616469
sp2,16,3,3,9,54.0826698753818,4.96714979128471,39.8635704077537
sp2,17,1,1,1,9.13053247266929,,0
sp2,17,1,1,2,17.8472408834956,5.09661433263392,5.09661433263392
sp2,17,1,1,3,24.6962532663675,5.11589985050495,10.2125141831389
sp2,17,1,1,4,34.4676921677045,5.05356511048523,15.2660792936241
sp2,17,1,1,5,46.2241535594501,4.93699361040883,20.2030729040329
sp2,17,1,1,6,54.5831006927556,5.04768494610208,25.250757850135
sp2,17,1,1,7,59.8411165649203,5.13037208980964,30.3811299399446
sp2,17,1,1,8,70.6983254691036,4.90052230428534,35.28165224423
sp2,17,1,1,9,82.1474392830574,4.99234793810792,40.2740001823379
sp2,17,2,2,1,,,0
sp2,17,2,2,2,,5.09661433263392,5.09661433263392
sp2,17,2,2,3,0.758777945417229,5.11589985050495,10.2125141831389
sp2,17,2,2,4,3.45362101186215,5.05356511048523,15.2660792936241
sp2,17,2,2,5,7.76587132625942,4.93699361040883,20.2030729040329
sp2,17,2,2,6,12.1690649183703,5.04768494610208,25.250757850135
sp2,17,2,2,7,17.6912383211742,5.13037208980964,30.3811299399446
sp2,17,2,2,8,20.4859100904595,4.90052230428534,35.28165224423
sp2,17,2,2,9,26.1138994606962,4.99234793810792,40.2740001823379
sp2,18,1,1,1,4.75220978065362,,0
sp2,18,1,1,2,11.2564872138259,4.84712265822234,4.84712265822234
sp2,18,1,1,3,18.142966772764,4.87818801583535,9.7253106740577
sp2,18,1,1,4,25.2018455249169,4.98005034105551,14.7053610151132
sp2,18,1,1,5,35.2603729450655,5.03112718540933,19.7364882005225
sp2,18,1,1,6,39.4511557950038,5.0368620419123,24.7733502424348
sp2,18,1,1,7,48.061968569063,5.04862378552619,29.821974027961
sp2,18,1,1,8,57.416343507165,5.09153325488633,34.9135072828474
sp2,18,1,1,9,66.4659172345938,4.89259349900534,39.8061007818527
sp2,18,2,2,1,4.33525736776363,,0
sp2,18,2,2,2,8.66368064268828,4.84712265822234,4.84712265822234
sp2,18,2,2,3,12.622087367311,4.87818801583535,9.7253106740577
sp2,18,2,2,4,20.4161541811961,4.98005034105551,14.7053610151132
sp2,18,2,2,5,23.8737310889637,5.03112718540933,19.7364882005225
sp2,18,2,2,6,28.2838422181232,5.0368620419123,24.7733502424348
sp2,18,2,2,7,32.5705950632105,5.04862378552619,29.821974027961
sp2,18,2,2,8,41.8400917205498,5.09153325488633,34.9135072828474
sp2,18,2,2,9,53.2862908903986,4.89259349900534,39.8061007818527
sp2,19,1,1,1,16.1526178257337,,0
sp2,19,1,1,2,21.6535934823354,5.07939659868818,5.07939659868818
sp2,19,1,1,3,29.688025849455,5.10978679516084,10.189183393849
sp2,19,1,1,4,37.556296358752,4.9628784267387,15.1520618205877
sp2,19,1,1,5,45.743793371091,4.96332291159472,20.1153847321824
sp2,19,1,1,6,,4.9765789527,25.0919636848824
sp2,19,1,1,7,,5.10261374850925,30.1945774333917
sp2,19,1,1,8,,4.9527930130693,35.147370446461
sp2,19,1,1,9,,5.03072679606936,40.1780972425303
sp2,19,2,2,1,13.6763135520586,,0
sp2,19,2,2,2,18.2620477277724,5.07939659868818,5.07939659868818
sp2,19,2,2,3,26.2778266485608,5.10978679516084,10.189183393849
sp2,19,2,2,4,33.9300369322859,4.9628784267387,15.1520618205877
sp2,19,2,2,5,36.4754956715031,4.96332291159472,20.1153847321824
sp2,19,2,2,6,45.2207364812441,4.9765789527,25.0919636848824
sp2,19,2,2,7,53.1614796945906,5.10261374850925,30.1945774333917
sp2,19,2,2,8,63.6073448924849,4.9527930130693,35.147370446461
sp2,19,2,2,9,63.6073448924849,5.03072679606936,40.1780972425303
sp2,19,3,3,1,7.74731835084355,,0
sp2,19,3,3,2,11.6419118040501,5.07939659868818,5.07939659868818
sp2,19,3,3,3,18.7472853248362,5.10978679516084,10.189183393849
sp2,19,3,3,4,25.4081343159902,4.9628784267387,15.1520618205877
sp2,19,3,3,5,30.4323075740026,4.96332291159472,20.1153847321824
sp2,19,3,3,6,35.5100199207964,4.9765789527,25.0919636848824
sp2,19,3,3,7,44.1742323556,5.10261374850925,30.1945774333917
sp2,19,3,3,8,49.2808632224765,4.9527930130693,35.147370446461
sp2,19,3,3,9,55.58429533927,5.03072679606936,40.1780972425303
sp2,19,4,4,1,14.0231347123994,,0
sp2,19,4,4,2,21.0920556459096,5.07939659868818,5.07939659868818
sp2,19,4,4,3,24.5052706131358,5.10978679516084,10.189183393849
sp2,19,4,4,4,35.9147958954401,4.9628784267387,15.1520618205877
sp2,19,4,4,5,38.6636528262397,4.96332291159472,20.1153847321824
sp2,19,4,4,6,52.3649381919615,4.9765789527,25.0919636848824
sp2,19,4,4,7,59.8142475628767,5.10261374850925,30.1945774333917
sp2,19,4,4,8,70.7947848196608,4.9527930130693,35.147370446461
sp2,19,4,4,9,78.7620273994272,5.03072679606936,40.1780972425303
sp2,19,5,5,1,14.5833988309832,,0
sp2,19,5,5,2,20.4999990164027,5.07939659868818,5.07939659868818
sp2,19,5,5,3,28.0696235887962,5.10978679516084,10.189183393849
sp2,19,5,5,4,34.4099019316969,4.9628784267387,15.1520618205877
sp2,19,5,5,5,45.6480045850281,4.96332291159472,20.1153847321824
sp2,19,5,5,6,58.0091535179077,4.9765789527,25.0919636848824
sp2,19,5,5,7,67.8083574637526,5.10261374850925,30.1945774333917
sp2,19,5,5,8,,4.9527930130693,35.147370446461
sp2,19,5,5,9,,5.03072679606936,40.1780972425303
sp2,19,6,6,1,,,0
sp2,19,6,6,2,0.278077648096506,5.07939659868818,5.07939659868818
sp2,19,6,6,3,1.65148210629012,5.10978679516084,10.189183393849
sp2,19,6,6,4,5.85911071288757,4.9628784267387,15.1520618205877
sp2,19,6,6,5,10.0077640808142,4.96332291159472,20.1153847321824
sp2,19,6,6,6,14.8074883042485,4.9765789527,25.0919636848824
sp2,19,6,6,7,21.3716887119839,5.10261374850925,30.1945774333917
sp2,19,6,6,8,30.4924773458782,4.9527930130693,35.147370446461
sp2,19,6,6,9,39.309923786267,5.03072679606936,40.1780972425303
sp2,20,1,1,1,27.3983722435619,,0
sp2,20,1,1,2,36.518450623306,5.0064979945498,5.0064979945498
sp2,20,1,1,3,43.7806654487623,4.95198740728628,9.95848540183607
sp2,20,1,1,4,56.3788433569888,5.11968514365947,15.0781705454955
sp2,20,1,1,5,59.2522510665856,5.06921265571749,20.147383201213
sp2,20,1,1,6,,5.04267986534422,25.1900630665572
sp2,20,1,1,7,,4.98579363223351,30.1758566987908
sp2,20,1,1,8,,4.8985113933553,35.0743680921461
sp2,20,1,1,9,,4.99847501899675,40.0728431111428
sp2,20,2,2,1,,,0
sp2,20,2,2,2,,5.0064979945498,5.0064979945498
sp2,20,2,2,3,,4.95198740728628,9.95848540183607
sp2,20,2,2,4,,5.11968514365947,15.0781705454955
sp2,20,2,2,5,,5.06921265571749,20.147383201213
sp2,20,2,2,6,,5.04267986534422,25.1900630665572
sp2,20,2,2,7,0.727619554020384,4.98579363223351,30.1758566987908
sp2,20,2,2,8,3.33688349590811,4.8985113933553,35.0743680921461
sp2,20,2,2,9,7.22860318789975,4.99847501899675,40.0728431111428
sp2,20,3,3,1,,,0
sp2,20,3,3,2,0.851750614923347,5.0064979945498,5.0064979945498
sp2,20,3,3,3,2.97934698476979,4.95198740728628,9.95848540183607
sp2,20,3,3,4,6.9118385882509,5.11968514365947,15.0781705454955
sp2,20,3,3,5,13.2931307890257,5.06921265571749,20.147383201213
sp2,20,3,3,6,17.3738034908876,5.04267986534422,25.1900630665572
sp2,20,3,3,7,26.0822440926794,4.98579363223351,30.1758566987908
sp2,20,3,3,8,34.605482078217,4.8985113933553,35.0743680921461
sp2,20,3,3,9,42.1950887433979,4.99847501899675,40.0728431111428
sp2,20,4,4,1,7.08824108639384,,0
sp2,20,4,4,2,11.7715570902376,5.0064979945498,5.0064979945498
sp2,20,4,4,3,15.7386599953762,4.95198740728628,9.95848540183607
sp2,20,4,4,4,24.5407173929118,5.11968514365947,15.0781705454955
sp2,20,4,4,5,30.7883945582932,5.06921265571749,20.147383201213
sp2,20,4,4,6,39.9463956282407,5.04267986534422,25.1900630665572
sp2,20,4,4,7,42.4395710575296,4.98579363223351,30.1758566987908
sp2,20,4,4,8,46.8457202041719,4.8985113933553,35.0743680921461
sp2,20,4,4,9,51.2352349484401,4.99847501899675,40.0728431111428
sp2,20,5,5,1,45.686995413546,,0
sp2,20,5,5,2,49.3158112639434,5.0064979945498,5.0064979945498
sp2,20,5,5,3,61.2991544978441,4.95198740728628,9.95848540183607
sp2,20,5,5,4,65.1382235687901,5.11968514365947,15.0781705454955
sp2,20,5,5,5,68.5084090208502,5.06921265571749,20.147383201213
sp2,20,5,5,6,,5.04267986534422,25.1900630665572
sp2,20,5,5,7,,4.98579363223351,30.1758566987908
sp2,20,5,5,8,,4.8985113933553,35.0743680921461
sp2,20,5,5,9,,4.99847501899675,40.0728431111428
sp2,20,6,6,1,,,0
sp2,20,6,6,2,,5.0064979945498,5.0064979945498
sp2,20,6,6,3,,4.95198740728628,9.95848540183607
sp2,20,6,6,4,,5.11968514365947,15.0781705454955
sp2,20,6,6,5,,5.06921265571749,20.147383201213
sp2,20,6,6,6,0.950011730466739,5.04267986534422,25.1900630665572
sp2,20,6,6,7,3.62154235155183,4.98579363223351,30.1758566987908
sp2,20,6,6,8,6.88785545834396,4.8985113933553,35.0743680921461
sp2,20,6,6,9,11.3331852663034,4.99847501899675,40.0728431111428
sp2,21,1,1,1,17.7996203174068,,0
sp2,21,1,1,2,21.9883863998978,5.06923640070167,5.06923640070167
sp2,21,1,1,3,30.9123011342619,5.06940906804647,10.1386454687481
sp2,21,1,1,4,35.344704074143,4.98221625137223,15.1208617201204
sp2,21,1,1,5,39.6219354177495,5.0276449972918,20.1485067174122
sp2,21,1,1,6,55.0612487661858,4.97102771246514,25.1195344298773
sp2,21,1,1,7,62.0130886461153,4.92293176279256,30.0424661926699
sp2,21,1,1,8,73.3857680467699,5.14699897728957,35.1894651699595
sp2,21,1,1,9,83.4536863131119,4.93678801507529,40.1262531850347
sp2,21,2,2,1,,,0
sp2,21,2,2,2,,5.06923640070167,5.06923640070167
sp2,21,2,2,3,0.607733016681585,5.06940906804647,10.1386454687481
sp2,21,2,2,4,1.50539992475182,4.98221625137223,15.1208617201204
sp2,21,2,2,5,4.67343866616688,5.0276449972918,20.1485067174122
sp2,21,2,2,6,9.65365936147444,4.97102771246514,25.1195344298773
sp2,21,2,2,7,14.5213320868333,4.92293176279256,30.0424661926699
sp2,21,2,2,8,20.9955482348254,5.14699897728957,35.1894651699595
sp2,21,2,2,9,27.2765876684911,4.93678801507529,40.1262531850347
sp2,21,3,3,1,,,0
sp2,21,3,3,2,,5.06923640070167,5.06923640070167
sp2,21,3,3,3,,5.06940906804647,10.1386454687481
sp2,21,3,3,4,,4.98221625137223,15.1208617201204
sp2,21,3,3,5,,5.0276449972918,20.1485067174122
sp2,21,3,3,6,,4.97102771246514,25.1195344298773
sp2,21,3,3,7,0.538960352899227,4.92293176279256,30.0424661926699
sp2,21,3,3,8,2.48229841332249,5.14699897728957,35.1894651699595
sp2,21,3,3,9,6.8475570884902,4.93678801507529,40.1262531850347
sp2,21,4,4,1,,,0
sp2,21,4,4,2,,5.06923640070167,5.06923640070167
sp2,21,4,4,3,,5.06940906804647,10.1386454687481
sp2,21,4,4,4,,4.98221625137223,15.1208617201204
sp2,21,4,4,5,,5.0276449972918,20.1485067174122
sp2,21,4,4,6,,4.97102771246514,25.1195344298773
sp2,21,4,4,7,,4.92293176279256,30.0424661926699
sp2,21,4,4,8,0.668928738730125,5.14699897728957,35.1894651699595
sp2,21,4,4,9,4.12556592887305,4.93678801507529,40.1262531850347
sp2,21,5,5,1,31.2707100919187,,0
sp2,21,5,5,2,43.5629949343004,5.06923640070167,5.06923640070167
sp2,21,5,5,3,50.9296794321599,5.06940906804647,10.1386454687481
sp2,21,5,5,4,57.8863050332907,4.98221625137223,15.1208617201204
sp2,21,5,5,5,,5.0276449972918,20.1485067174122
sp2,21,5,5,6,,4.97102771246514,25.1195344298773
sp2,21,5,5,7,,4.92293176279256,30.0424661926699
sp2,21,5,5,8,,5.14699897728957,35.1894651699595
sp2,21,5,5,9,,4.93678801507529,40.1262531850347
sp2,22,1,1,1,18.1559174783915,,0
sp2,22,1,1,2,26.4113823001311,4.89471591267291,4.89471591267291
sp2,22,1,1,3,36.4504800581004,5.07588900341269,9.97060491608559
sp2,22,1,1,4,43.9020207844768,5.13465780433258,15.1052627204182
sp2,22,1,1,5,46.4876138927795,4.78090509081239,19.8861678112306
sp2,22,1,1,6,52.0325917125841,5.07435969009622,24.9605275013268
sp2,22,1,1,7,59.6792130921804,5.26714241432341,30.2276699156502
sp2,22,1,1,8,59.6792130921804,4.93305123306931,35.1607211487195
sp2,22,1,1,9,79.9046088855845,5.03976350558894,40.2004846543084
sp2,22,2,2,1,,,0
sp2,22,2,2,2,,4.89471591267291,4.89471591267291
sp2,22,2,2,3,,5.07588900341269,9.97060491608559
sp2,22,2,2,4,,5.13465780433258,15.1052627204182
sp2,22,2,2,5,,4.78090509081239,19.8861678112306
sp2,22,2,2,6,0.258086654206241,5.07435969009622,24.9605275013268
sp2,22,2,2,7,2.12990277812647,5.26714241432341,30.2276699156502
sp2,22,2,2,8,7.26526953283367,4.93305123306931,35.1607211487195
sp2,22,2,2,9,10.8596947810837,5.03976350558894,40.2004846543084
sp2,22,3,3,1,35.8828270720279,,0
sp2,22,3,3,2,44.6951918507249,4.89471591267291,4.89471591267291
sp2,22,3,3,3,55.7495751831449,5.07588900341269,9.97060491608559
sp2,22,3,3,4,65.5819072849321,5.13465780433258,15.1052627204182
sp2,22,3,3,5,75.0700229746983,4.78090509081239,19.8861678112306
sp2,22,3,3,6,87.5643830796421,5.07435969009622,24.9605275013268
sp2,22,3,3,7,95.1430662243924,5.26714241432341,30.2276699156502
sp2,22,3,3,8,108.635045393824,4.93305123306931,35.1607211487195
sp2,22,3,3,9,108.635045393824,5.03976350558894,40.2004846543084
sp2,22,4,4,1,,,0
sp2,22,4,4,2,,4.89471591267291,4.89471591267291
sp2,22,4,4,3,0.329194699570029,5.07588900341269,9.97060491608559
sp2,22,4,4,4,1.85416199348292,5.13465780433258,15.1052627204182
sp2,22,4,4,5,5.0817405644677,4.78090509081239,19.8861678112306
sp2,22,4,4,6,10.5843518250424,5.07435969009622,24.9605275013268
sp2,22,4,4,7,16.2801609471698,5.26714241432341,30.2276699156502
sp2,22,4,4,8,22.9838958104161,4.93305123306931,35.1607211487195
sp2,22,4,4,9,31.158576434062,5.03976350558894,40.2004846543084
sp2,22,5,5,1,11.2906913895323,,0
sp2,22,5,5,2,17.1272648022066,4.89471591267291,4.89471591267291
sp2,22,5,5,3,24.7955986229519,5.07588900341269,9.97060491608559
sp2,22,5,5,4,26.5702301495148,5.13465780433258,15.1052627204182
sp2,22,5,5,5,,4.78090509081239,19.8861678112306
sp2,22,5,5,6,,5.07435969009622,24.9605275013268
sp2,22,5,5,7,,5.26714241432341,30.2276699156502
sp2,22,5,5,8,,4.93305123306931,35.1607211487195
sp2,22,5,5,9,,5.03976350558894,40.2004846543084
sp2,23,1,1,1,,,0
sp2,23,1,1,2,0.571343094050982,5.14150371677862,5.14150371677862
sp2,23,1,1,3,2.34303535941866,4.96431203198323,10.1058157487619
sp2,23,1,1,4,5.06778216378644,4.9581785862889,15.0639943350508
sp2,23,1,1,5,9.28384116680248,5.04976873916196,20.1137630742127
sp2,23,1,1,6,14.6525691965666,4.95219534151177,25.0659584157245
sp2,23,1,1,7,19.9748061937787,4.97704831123191,30.0430067269564
sp2,23,1,1,8,24.1560674497384,5.02095285213313,35.0639595790895
sp2,23,1,1,9,32.9164525208501,4.95697795217627,40.0209375312658
sp2,23,2,2,1,8.10718110465929,,0
sp2,23,2,2,2,14.230860661413,5.14150371677862,5.14150371677862
sp2,23,2,2,3,18.6910425833431,4.96431203198323,10.1058157487619
sp2,23,2,2,4,23.0603420099408,4.9581785862889,15.0639943350508
sp2,23,2,2,5,28.1128871410827,5.04976873916196,20.1137630742127
sp2,23,2,2,6,37.4659784747253,4.95219534151177,25.0659584157245
sp2,23,2,2,7,44.8392868964269,4.97704831123191,30.0430067269564
sp2,23,2,2,8,57.2485329269686,5.02095285213313,35.0639595790895
sp2,23,2,2,9,68.6697519085263,4.95697795217627,40.0209375312658
sp2,23,3,3,1,6.53738970816519,,0
sp2,23,3,3,2,11.4563863385914,5.14150371677862,5.14150371677862
sp2,23,3,3,3,18.3175113076061,4.96431203198323,10.1058157487619
sp2,23,3,3,4,26.4971425704344,4.9581785862889,15.0639943350508
sp2,23,3,3,5,33.1782527487368,5.04976873916196,20.1137630742127
sp2,23,3,3,6,42.9050317962622,4.95219534151177,25.0659584157245
sp2,23,3,3,7,47.4730645153107,4.97704831123191,30.0430067269564
sp2,23,3,3,8,48.7124780800167,5.02095285213313,35.0639595790895
sp2,23,3,3,9,57.0975762690183,4.95697795217627,40.0209375312658
sp2,23,4,4,1,47.4778752222328,,0
sp2,23,4,4,2,53.6708802012377,5.14150371677862,5.14150371677862
sp2,23,4,4,3,67.0762454035728,4.96431203198323,10.1058157487619
sp2,23,4,4,4,68.7614143540227,4.9581785862889,15.0639943350508
sp2,23,4,4,5,89.6310284284774,5.04976873916196,20.1137630742127
sp2,23,4,4,6,89.6310284284774,4.95219534151177,25.0659584157245
sp2,23,4,4,7,107.973671940486,4.97704831123191,30.0430067269564
sp2,23,4,4,8,118.766031120261,5.02095285213313,35.0639595790895
sp2,23,4,4,9,125.934027586204,4.95697795217627,40.0209375312658
sp2,23,5,5,1,,,0
sp2,23,5,5,2,,5.14150371677862,5.14150371677862
sp2,23,5,5,3,,4.96431203198323,10.1058157487619
sp2,23,5,5,4,,4.9581785862889,15.0639943350508
sp2,23,5,5,5,0.978559608481586,5.04976873916196,20.1137630742127
sp2,23,5,5,6,3.70619292566471,4.95219534151177,25.0659584157245
sp2,23,5,5,7,8.34744614377196,4.97704831123191,30.0430067269564
sp2,23,5,5,8,15.755888941698,5.02095285213313,35.0639595790895
sp2,23,5,5,9,23.1307052632015,4.95697795217627,40.0209375312658
sp2,24,1,1,1,37.7138921900321,,0
sp2,24,1,1,2,44.1409620722946,5.02602783714837,5.02602783714837
sp2,24,1,1,3,50.9594011691486,4.90126784421798,9.92729568136635
sp2,24,1,1,4,54.2433268024603,4.91679508987748,14.8440907712438
sp2,24,1,1,5,56.1890404522615,4.86975330363763,19.7138440748815
sp2,24,1,1,6,73.4965739853269,4.94426861030006,24.6581126851815
sp2,24,1,1,7,82.9519939084527,5.04591366374909,29.7040263489306
sp2,24,1,1,8,101.842094064712,4.92781939550333,34.631845744434
sp2,24,1,1,9,124.346198914658,5.18138959611799,39.813235340552
sp2,24,2,2,1,,,0
sp2,24,2,2,2,,5.02602783714837,5.02602783714837
sp2,24,2,2,3,0.685749111295654,4.90126784421798,9.92729568136635
sp2,24,2,2,4,2.77312249513855,4.91679508987748,14.8440907712438
sp2,24,2,2,5,7.84879019920494,4.86975330363763,19.7138440748815
sp2,24,2,2,6,12.4756119332037,4.94426861030006,24.6581126851815
sp2,24,2,2,7,17.8046421844176,5.04591366374909,29.7040263489306
sp2,24,2,2,8,23.6863874581518,4.92781939550333,34.631845744434
sp2,24,2,2,9,30.0487201324413,5.18138959611799,39.813235340552
sp2,24,3,3,1,38.5697242813686,,0
sp2,24,3,3,2,52.2579181519043,5.02602783714837,5.02602783714837
sp2,24,3,3,3,59.5597510234846,4.90126784421798,9.92729568136635
sp2,24,3,3,4,69.0359486293,4.91679508987748,14.8440907712438
sp2,24,3,3,5,77.2234008942517,4.86975330363763,19.7138440748815
sp2,24,3,3,6,81.669314798361,4.94426861030006,24.6581126851815
sp2,24,3,3,7,86.163741784051,5.04591366374909,29.7040263489306
sp2,24,3,3,8,,4.92781939550333,34.631845744434
sp2,24,3,3,9,,5.18138959611799,39.813235340552
sp2,24,4,4,1,40.2545870889669,,0
sp2,24,4,4,2,48.1470155436008,5.02602783714837,5.02602783714837
sp2,24,4,4,3,57.8815492815016,4.90126784421798,9.92729568136635
sp2,24,4,4,4,69.8474498408728,4.91679508987748,14.8440907712438
sp2,24,4,4,5,73.8546299031952,4.86975330363763,19.7138440748815
sp2,24,4,4,6,91.9298103750308,4.94426861030006,24.6581126851815
sp2,24,4,4,7,93.6106988178995,5.04591366374909,29.7040263489306
sp2,24,4,4,8,120.152904112652,4.92781939550333,34.631845744434
sp2,24,4,4,9,133.430718556163,5.18138959611799,39.813235340552
sp2,24,5,5,1,18.827296902599,,0
sp2,24,5,5,2,28.6938403050804,5.02602783714837,5.02602783714837
sp2,24,5,5,3,33.3532607341558,4.90126784421798,9.92729568136635
sp2,24,5,5,4,43.4490852759218,4.91679508987748,14.8440907712438
sp2,24,5,5,5,50.7533686697233,4.86975330363763,19.7138440748815
sp2,24,5,5,6,63.4070698851498,4.94426861030006,24.6581126851815
sp2,24,5,5,7,76.84999850087,5.04591366374909,29.7040263489306
sp2,24,5,5,8,86.5538320615596,4.92781939550333,34.631845744434
sp2,24,5,5,9,97.5796608675185,5.18138959611799,39.813235340552
sp2,25,1,1,1,,,0
sp2,25,1,1,2,0.887017627321535,5.14266014357863,5.14266014357863
sp2,25,1,1,3,3.34581173343702,4.91660600902761,10.0592661526062
sp2,25,1,1,4,7.33020473554612,5.03452794999774,15.093794102604
sp2,25,1,1,5,12.4331420572077,5.01813026347887,20.1119243660828
sp2,25,1,1,6,19.2987192371087,4.74556286296862,24.8574872290515
sp2,25,1,1,7,29.0869615370921,5.06790927934311,29.9253965083946
sp2,25,1,1,8,35.7991546970879,4.89096258010914,34.8163590885037
sp2,25,1,1,9,40.0577277543262,5.0634886282906,39.8798477167943
sp2,25,2,2,1,2.6530482119136,,0
sp2,25,2,2,2,7.17948059848195,5.14266014357863,5.14266014357863
sp2,25,2,2,3,10.4295796278071,4.91660600902761,10.0592661526062
sp2,25,2,2,4,16.2122758232505,5.03452794999774,15.093794102604
sp2,25,2,2,5,21.0543455363087,5.01813026347887,20.1119243660828
sp2,25,2,2,6,25.0987857642731,4.74556286296862,24.8574872290515
sp2,25,2,2,7,32.5248333591995,5.06790927934311,29.9253965083946
sp2,25,2,2,8,36.3211020307731,4.89096258010914,34.8163590885037
sp2,25,2,2,9,41.3523130578484,5.0634886282906,39.8798477167943
sp2,25,3,3,1,18.8860806498119,,0
sp2,25,3,3,2,26.3458397760133,5.14266014357863,5.14266014357863
sp2,25,3,3,3,36.2272030922351,4.91660600902761,10.0592661526062
sp2,25,3,3,4,46.1092046993531,5.03452794999774,15.093794102604
sp2,25,3,3,5,48.0679075831347,5.01813026347887,20.1119243660828
sp2,25,3,3,6,53.458734689515,4.74556286296862,24.8574872290515
sp2,25,3,3,7,73.2647147380071,5.06790927934311,29.9253965083946
sp2,25,3,3,8,83.2159862507786,4.89096258010914,34.8163590885037
sp2,25,3,3,9,83.2159862507786,5.0634886282906,39.8798477167943
sp3,26,1,1,1,,,0
sp3,26,1,1,2,,4.92029731874388,4.92029731874388
sp3,26,1,1,3,,4.9438833831734,9.86418070191727
sp3,26,1,1,4,,5.08879175111921,14.9529724530365
sp3,26,1,1,5,,4.96244148427679,19.9154139373133
sp3,26,1,1,6,,4.92086463524298,24.8362785725563
sp3,26,1,1,7,,4.95905516544665,29.7953337380029
sp3,26,1,1,8,0.583943384891578,4.93389567610553,34.7292294141084
sp3,26,1,1,9,1.32716166698366,4.81939012316609,39.5486195372745
sp3,26,2,2,1,13.4228313378295,,0
sp3,26,2,2,2,24.0165887260363,4.92029731874388,4.92029731874388
sp3,26,2,2,3,,4.9438833831734,9.86418070191727
sp3,26,2,2,4,,5.08879175111921,14.9529724530365
sp3,26,2,2,5,,4.96244148427679,19.9154139373133
sp3,26,2,2,6,,4.92086463524298,24.8362785725563
sp3,26,2,2,7,,4.95905516544665,29.7953337380029
sp3,26,2,2,8,,4.93389567610553,34.7292294141084
sp3,26,2,2,9,,4.81939012316609,39.5486195372745
sp3,26,3,3,1,14.9190093145015,,0
sp3,26,3,3,2,21.0743783516094,4.92029731874388,4.92029731874388
sp3,26,3,3,3,21.0743783516094,4.9438833831734,9.86418070191727
sp3,26,3,3,4,33.0872041772827,5.08879175111921,14.9529724530365
sp3,26,3,3,5,44.58140664912,4.96244148427679,19.9154139373133
sp3,26,3,3,6,,4.92086463524298,24.8362785725563
sp3,26,3,3,7,,4.95905516544665,29.7953337380029
sp3,26,3,3,8,,4.93389567610553,34.7292294141084
sp3,26,3,3,9,,4.81939012316609,39.5486195372745
sp3,26,4,4,1,53.0838627845817,,0
sp3,26,4,4,2,63.1990050571041,4.92029731874388,4.92029731874388
sp3,26,4,4,3,63.1990050571041,4.9438833831734,9.86418070191727
sp3,26,4,4,4,72.8641993240875,5.08879175111921,14.9529724530365
sp3,26,4,4,5,84.5644534044138,4.96244148427679,19.9154139373133
sp3,26,4,4,6,84.5644534044138,4.92086463524298,24.8362785725563
sp3,26,4,4,7,90.7835274306592,4.95905516544665,29.7953337380029
sp3,26,4,4,8,103.027259458714,4.93389567610553,34.7292294141084
sp3,26,4,4,9,111.461001153273,4.81939012316609,39.5486195372745
sp3,27,1,1,1,8.57351983464654,,0
sp3,27,1,1,2,15.6166158013029,5.01381650672917,5.01381650672917
sp3,27,1,1,3,18.5762162820636,4.93648870027257,9.95030520700174
sp3,27,1,1,4,29.0834459887207,4.88179414450081,14.8320993515026
sp3,27,1,1,5,38.3453650505945,5.1407682846509,19.9728676361534
sp3,27,1,1,6,40.1937909187392,5.01000399594671,24.9828716321002
sp3,27,1,1,7,49.4835021703011,4.85054594881438,29.8334175809145
sp3,27,1,1,8,65.5727565575132,5.20936018775715,35.0427777686717
sp3,27,1,1,9,73.6517829547295,4.90396608254727,39.9467438512189
sp3,27,2,2,1,20.4654058437753,,0
sp3,27,2,2,2,30.8400655533816,5.01381650672917,5.01381650672917
sp3,27,2,2,3,33.9191557855165,4.93648870027257,9.95030520700174
sp3,27,2,2,4,44.4911059049583,4.88179414450081,14.8320993515026
sp3,27,2,2,5,56.0796804852885,5.1407682846509,19.9728676361534
sp3,27,2,2,6,56.0796804852885,5.01000399594671,24.9828716321002
sp3,27,2,2,7,62.2297989436431,4.85054594881438,29.8334175809145
sp3,27,2,2,8,76.1669698916637,5.20936018775715,35.0427777686717
sp3,27,2,2,9,82.6488658217899,4.90396608254727,39.9467438512189
sp3,27,3,3,1,,,0
sp3,27,3,3,2,,5.01381650672917,5.01381650672917
sp3,27,3,3,3,,4.93648870027257,9.95030520700174
sp3,27,3,3,4,,4.88179414450081,14.8320993515026
sp3,27,3,3,5,,5.1407682846509,19.9728676361534
sp3,27,3,3,6,0.434162886956018,5.01000399594671,24.9828716321002
sp3,27,3,3,7,3.62875045343686,4.85054594881438,29.8334175809145
sp3,27,3,3,8,9.60868537964604,5.20936018775715,35.0427777686717
sp3,27,3,3,9,12.1402966329103,4.90396608254727,39.9467438512189
sp3,27,4,4,1,6.90036954679171,,0
sp3,27,4,4,2,15.6756769356745,5.01381650672917,5.01381650672917
sp3,27,4,4,3,19.8763262950869,4.93648870027257,9.95030520700174
sp3,27,4,4,4,27.2827756885838,4.88179414450081,14.8320993515026
sp3,27,4,4,5,36.6134424796835,5.1407682846509,19.9728676361534
sp3,27,4,4,6,40.0981646695913,5.01000399594671,24.9828716321002
sp3,27,4,4,7,46.0275292473827,4.85054594881438,29.8334175809145
sp3,27,4,4,8,52.5915929492319,5.20936018775715,35.0427777686717
sp3,27,4,4,9,52.5915929492319,4.90396608254727,39.9467438512189
sp3,27,5,5,1,8.47646097987494,,0
sp3,27,5,5,2,16.1056543620492,5.01381650672917,5.01381650672917
sp3,27,5,5,3,16.1056543620492,4.93648870027257,9.95030520700174
sp3,27,5,5,4,25.2754077350492,4.88179414450081,14.8320993515026
sp3,27,5,5,5,33.7418182468595,5.1407682846509,19.9728676361534
sp3,27,5,5,6,35.1566242667003,5.01000399594671,24.9828716321002
sp3,27,5,5,7,44.7980261704131,4.85054594881438,29.8334175809145
sp3,27,5,5,8,47.0286788093554,5.20936018775715,35.0427777686717
sp3,27,5,5,9,47.5202583267807,4.90396608254727,39.9467438512189
sp3,28,1,1,1,,,0
sp3,28,1,1,2,0.970392171492931,5.10420793927503,5.10420793927503
sp3,28,1,1,3,0.970392171492931,5.11784736033095,10.222055299606
sp3,28,1,1,4,3.42285291322431,5.31538660393267,15.5374419035386
sp3,28,1,1,5,10.0812533683704,5.05902277962504,20.5964646831637
sp3,28,1,1,6,10.0812533683704,4.86799003699714,25.4644547201608
sp3,28,1,1,7,16.1091312411969,4.98313927918011,30.4475939993409
sp3,28,1,1,8,27.2955360269852,5.08642124560875,35.5340152449497
sp3,28,1,1,9,27.2955360269852,5.18522392650712,40.7192391714568
sp3,28,2,2,1,23.8409423313238,,0
sp3,28,2,2,2,35.0773099519826,5.10420793927503,5.10420793927503
sp3,28,2,2,3,37.2313544393063,5.11784736033095,10.222055299606
sp3,28,2,2,4,48.7765071196239,5.31538660393267,15.5374419035386
sp3,28,2,2,5,56.4010103102125,5.05902277962504,20.5964646831637
sp3,28,2,2,6,66.0045280317812,4.86799003699714,25.4644547201608
sp3,28,2,2,7,,4.98313927918011,30.4475939993409
sp3,28,2,2,8,,5.08642124560875,35.5340152449497
sp3,28,2,2,9,,5.18522392650712,40.7192391714568
sp3,28,3,3,1,14.3130035967026,,0
sp3,28,3,3,2,21.6227208806775,5.10420793927503,5.10420793927503
sp3,28,3,3,3,21.6227208806775,5.11784736033095,10.222055299606
sp3,28,3,3,4,25.1691947701955,5.31538660393267,15.5374419035386
sp3,28,3,3,5,39.4582437580817,5.05902277962504,20.5964646831637
sp3,28,3,3,6,47.8094303776123,4.86799003699714,25.4644547201608
sp3,28,3,3,7,51.7936059526842,4.98313927918011,30.4475939993409
sp3,28,3,3,8,63.0028505472876,5.08642124560875,35.5340152449497
sp3,28,3,3,9,,5.18522392650712,40.7192391714568
sp3,28,4,4,1,,,0
sp3,28,4,4,2,0.640517904758424,5.10420793927503,5.10420793927503
sp3,28,4,4,3,1.30263994719677,5.11784736033095,10.222055299606
sp3,28,4,4,4,3.61353310594797,5.31538660393267,15.5374419035386
sp3,28,4,4,5,10.4290351098781,5.05902277962504,20.5964646831637
sp3,28,4,4,6,12.1808692640864,4.86799003699714,25.4644547201608
sp3,28,4,4,7,18.3563240352759,4.98313927918011,30.4475939993409
sp3,28,4,4,8,23.427671706527,5.08642124560875,35.5340152449497
sp3,28,4,4,9,24.1351274061508,5.18522392650712,40.7192391714568
sp3,29,1,1,1,13.4203716900837,,0
sp3,29,1,1,2,21.2289584718882,4.85318834547945,4.85318834547945
sp3,29,1,1,3,,4.86012328315973,9.71331162863918
sp3,29,1,1,4,,5.0891939367864,14.8025055654256
sp3,29,1,1,5,,5.00697224581139,19.809477811237
sp3,29,1,1,6,,5.10466951124008,24.9141473224771
sp3,29,1,1,7,,5.07578321337688,29.9899305358539
sp3,29,1,1,8,,4.93068711352499,34.9206176493789
sp3,29,1,1,9,,5.09300641211481,40.0136240614937
sp3,29,2,2,1,,,0
sp3,29,2,2,2,,4.85318834547945,4.85318834547945
sp3,29,2,2,3,0.680134156006472,4.86012328315973,9.71331162863918
sp3,29,2,2,4,3.75917264287726,5.0891939367864,14.8025055654256
sp3,29,2,2,5,7.41858602738623,5.00697224581139,19.809477811237
sp3,29,2,2,6,8.26374469211078,5.10466951124008,24.9141473224771
sp3,29,2,2,7,12.1872640698664,5.07578321337688,29.9899305358539
sp3,29,2,2,8,20.2572428907682,4.93068711352499,34.9206176493789
sp3,29,2,2,9,21.1192332978282,5.09300641211481,40.0136240614937
sp3,30,1,1,1,23.1578481869379,,0
sp3,30,1,1,2,32.4610980857878,4.85061901458132,4.85061901458132
sp3,30,1,1,3,35.3868477186085,5.05063491182062,9.90125392640193
sp3,30,1,1,4,43.1041535102122,4.83160754868614,14.7328614750881
sp3,30,1,1,5,52.5310955859915,5.05074264103364,19.7836041161217
sp3,30,1,1,6,52.5310955859915,5.20499832536773,24.9886024414894
sp3,30,1,1,7,63.0978686761516,5.00246541597564,29.9910678574651
sp3,30,1,1,8,67.8171536400952,5.00197055294235,34.9930384104074
sp3,30,1,1,9,67.8171536400952,4.94127260011771,39.9343110105251
sp3,30,2,2,1,10.5266928966176,,0
sp3,30,2,2,2,19.1293789680323,4.85061901458132,4.85061901458132
sp3,30,2,2,3,,5.05063491182062,9.90125392640193
sp3,30,2,2,4,,4.83160754868614,14.7328614750881
sp3,30,2,2,5,,5.05074264103364,19.7836041161217
sp3,30,2,2,6,,5.20499832536773,24.9886024414894
sp3,30,2,2,7,,5.00246541597564,29.9910678574651
sp3,30,2,2,8,,5.00197055294235,34.9930384104074
sp3,30,2,2,9,,4.94127260011771,39.9343110105251
sp3,30,3,3,1,8.70847054755968,,0
sp3,30,3,3,2,14.1631711147425,4.85061901458132,4.85061901458132
sp3,30,3,3,3,16.9217608257189,5.05063491182062,9.90125392640193
sp3,30,3,3,4,29.0353712320669,4.83160754868614,14.7328614750881
sp3,30,3,3,5,42.7233577968153,5.05074264103364,19.7836041161217
sp3,30,3,3,6,47.6778780415028,5.20499832536773,24.9886024414894
sp3,30,3,3,7,54.7476204843357,5.00246541597564,29.9910678574651
sp3,30,3,3,8,67.7830455763998,5.00197055294235,34.9930384104074
sp3,30,3,3,9,67.7830455763998,4.94127260011771,39.9343110105251
sp3,30,4,4,1,3.14847162010328,,0
sp3,30,4,4,2,9.34466068163798,4.85061901458132,4.85061901458132
sp3,30,4,4,3,11.1496529711562,5.05063491182062,9.90125392640193
sp3,30,4,4,4,19.4546355559963,4.83160754868614,14.7328614750881
sp3,30,4,4,5,26.8172426276025,5.05074264103364,19.7836041161217
sp3,30,4,4,6,26.8172426276025,5.20499832536773,24.9886024414894
sp3,30,4,4,7,35.1854318994272,5.00246541597564,29.9910678574651
sp3,30,4,4,8,40.1605989218843,5.00197055294235,34.9930384104074
sp3,30,4,4,9,42.1537103830954,4.94127260011771,39.9343110105251
sp3,30,5,5,1,34.6037561342721,,0
sp3,30,5,5,2,,4.85061901458132,4.85061901458132
sp3,30,5,5,3,,5.05063491182062,9.90125392640193
sp3,30,5,5,4,,4.83160754868614,14.7328614750881
sp3,30,5,5,5,,5.05074264103364,19.7836041161217
sp3,30,5,5,6,,5.20499832536773,24.9886024414894
sp3,30,5,5,7,,5.00246541597564,29.9910678574651
sp3,30,5,5,8,,5.00197055294235,34.9930384104074
sp3,30,5,5,9,,4.94127260011771,39.9343110105251
sp3,31,1,1,1,,,0
sp3,31,1,1,2,,4.8373453048656,4.8373453048656
sp3,31,1,1,3,,4.9493360565084,9.786681361374
sp3,31,1,1,4,,4.98502011771588,14.7717014790899
sp3,31,1,1,5,,5.0224624047339,19.7941638838238
sp3,31,1,1,6,0.232472528879285,4.99874076834801,24.7929046521718
sp3,31,1,1,7,1.92993803333377,4.90730560127514,29.7002102534469
sp3,31,1,1,8,4.9508850429457,4.98452549935481,34.6847357528017
sp3,31,1,1,9,6.48795994783421,4.97787625652817,39.6626120093299
sp3,31,2,2,1,,,0
sp3,31,2,2,2,0.781114369119051,4.8373453048656,4.8373453048656
sp3,31,2,2,3,2.32820467010072,4.9493360565084,9.786681361374
sp3,31,2,2,4,7.31995349609734,4.98502011771588,14.7717014790899
sp3,31,2,2,5,15.9459580520599,5.0224624047339,19.7941638838238
sp3,31,2,2,6,17.7948181476034,4.99874076834801,24.7929046521718
sp3,31,2,2,7,26.9244500432287,4.90730560127514,29.7002102534469
sp3,31,2,2,8,36.2744039573875,4.98452549935481,34.6847357528017
sp3,31,2,2,9,40.0622056929833,4.97787625652817,39.6626120093299
sp3,31,3,3,1,29.1056353621479,,0
sp3,31,3,3,2,,4.8373453048656,4.8373453048656
sp3,31,3,3,3,,4.9493360565084,9.786681361374
sp3,31,3,3,4,,4.98502011771588,14.7717014790899
sp3,31,3,3,5,,5.0224624047339,19.7941638838238
sp3,31,3,3,6,,4.99874076834801,24.7929046521718
sp3,31,3,3,7,,4.90730560127514,29.7002102534469
sp3,31,3,3,8,,4.98452549935481,34.6847357528017
sp3,31,3,3,9,,4.97787625652817,39.6626120093299
sp3,32,1,1,1,5.98488011922602,,0
sp3,32,1,1,2,12.0081258461433,5.16119679085627,5.16119679085627
sp3,32,1,1,3,14.627364426368,5.03259864019083,10.1937954310471
sp3,32,1,1,4,20.4118186435017,4.88857687958608,15.0823723106332
sp3,32,1,1,5,25.209124912833,5.05474987102663,20.1371221816598
sp3,32,1,1,6,25.209124912833,5.15093387270723,25.288056054367
sp3,32,1,1,7,29.0286006352198,4.97602822082443,30.2640842751915
sp3,32,1,1,8,39.4867579667329,5.11480695559501,35.3788912307865
sp3,32,1,1,9,,5.13277904128662,40.5116702720731
sp3,32,2,2,1,,,0
sp3,32,2,2,2,,5.16119679085627,5.16119679085627
sp3,32,2,2,3,0.597248750032428,5.03259864019083,10.1937954310471
sp3,32,2,2,4,2.72462488301181,4.88857687958608,15.0823723106332
sp3,32,2,2,5,8.08499714239889,5.05474987102663,20.1371221816598
sp3,32,2,2,6,8.72107900465219,5.15093387270723,25.288056054367
sp3,32,2,2,7,13.0181007847424,4.97602822082443,30.2640842751915
sp3,32,2,2,8,24.7845209453865,5.11480695559501,35.3788912307865
sp3,32,2,2,9,24.7845209453865,5.13277904128662,40.5116702720731
sp3,32,3,3,1,14.9213079652515,,0
sp3,32,3,3,2,25.4929085318325,5.16119679085627,5.16119679085627
sp3,32,3,3,3,25.4929085318325,5.03259864019083,10.1937954310471
sp3,32,3,3,4,,4.88857687958608,15.0823723106332
sp3,32,3,3,5,,5.05474987102663,20.1371221816598
sp3,32,3,3,6,,5.15093387270723,25.288056054367
sp3,32,3,3,7,,4.97602822082443,30.2640842751915
sp3,32,3,3,8,,5.11480695559501,35.3788912307865
sp3,32,3,3,9,,5.13277904128662,40.5116702720731
sp3,32,4,4,1,15.6881403448335,,0
sp3,32,4,4,2,29.0013229097594,5.16119679085627,5.16119679085627
sp3,32,4,4,3,29.0013229097594,5.03259864019083,10.1937954310471
sp3,32,4,4,4,37.8949356609649,4.88857687958608,15.0823723106332
sp3,32,4,4,5,43.4313393634008,5.05474987102663,20.1371221816598
sp3,32,4,4,6,43.4313393634008,5.15093387270723,25.288056054367
sp3,32,4,4,7,52.992867506517,4.97602822082443,30.2640842751915
sp3,32,4,4,8,66.8324290699409,5.11480695559501,35.3788912307865
sp3,32,4,4,9,66.8324290699409,5.13277904128662,40.5116702720731
sp3,32,5,5,1,,,0
sp3,32,5,5,2,0.929191744248261,5.16119679085627,5.16119679085627
sp3,32,5,5,3,1.03091388782111,5.03259864019083,10.1937954310471
sp3,32,5,5,4,5.51277462558858,4.88857687958608,15.0823723106332
sp3,32,5,5,5,12.9832703235009,5.05474987102663,20.1371221816598
sp3,32,5,5,6,12.9832703235009,5.15093387270723,25.288056054367
sp3,32,5,5,7,22.6021639547394,4.97602822082443,30.2640842751915
sp3,32,5,5,8,31.082969029573,5.11480695559501,35.3788912307865
sp3,32,5,5,9,31.082969029573,5.13277904128662,40.5116702720731
sp3,33,1,1,1,,,0
sp3,33,1,1,2,,4.88893038310226,4.88893038310226
sp3,33,1,1,3,,4.9184327359048,9.80736311900706
sp3,33,1,1,4,,4.89517458774256,14.7025377067496
sp3,33,1,1,5,,5.06059445697212,19.7631321637218
sp3,33,1,1,6,,5.00239335204534,24.7655255157671
sp3,33,1,1,7,0.870350642710884,5.04827163627844,29.8137971520455
sp3,33,1,1,8,4.65196280275848,4.93026265674398,34.7440598087895
sp3,33,1,1,9,5.89072050117511,5.02288142892116,39.7669412377107
sp3,33,2,2,1,9.01014629416086,,0
sp3,33,2,2,2,16.3314081277389,4.88893038310226,4.88893038310226
sp3,33,2,2,3,18.4885091468383,4.9184327359048,9.80736311900706
sp3,33,2,2,4,22.8828573851896,4.89517458774256,14.7025377067496
sp3,33,2,2,5,34.822151456815,5.06059445697212,19.7631321637218
sp3,33,2,2,6,34.822151456815,5.00239335204534,24.7655255157671
sp3,33,2,2,7,44.6990803968254,5.04827163627844,29.8137971520455
sp3,33,2,2,8,56.0598892863662,4.93026265674398,34.7440598087895
sp3,33,2,2,9,61.5311468549828,5.02288142892116,39.7669412377107
sp3,33,3,3,1,,,0
sp3,33,3,3,2,,4.88893038310226,4.88893038310226
sp3,33,3,3,3,,4.9184327359048,9.80736311900706
sp3,33,3,3,4,,4.89517458774256,14.7025377067496
sp3,33,3,3,5,,5.06059445697212,19.7631321637218
sp3,33,3,3,6,0.474709094190474,5.00239335204534,24.7655255157671
sp3,33,3,3,7,1.49021755228601,5.04827163627844,29.8137971520455
sp3,33,3,3,8,5.56614152806699,4.93026265674398,34.7440598087895
sp3,33,3,3,9,5.56614152806699,5.02288142892116,39.7669412377107
sp3,33,4,4,1,,,0
sp3,33,4,4,2,,4.88893038310226,4.88893038310226
sp3,33,4,4,3,,4.9184327359048,9.80736311900706
sp3,33,4,4,4,,4.89517458774256,14.7025377067496
sp3,33,4,4,5,0.511988214175871,5.06059445697212,19.7631321637218
sp3,33,4,4,6,0.689783350235417,5.00239335204534,24.7655255157671
sp3,33,4,4,7,3.07904137147818,5.04827163627844,29.8137971520455
sp3,33,4,4,8,7.99081831107338,4.93026265674398,34.7440598087895
sp3,33,4,4,9,10.9874739324555,5.02288142892116,39.7669412377107
sp3,34,1,1,1,8.92742109662721,,0
sp3,34,1,1,2,17.2420699485892,5.15953531101196,5.15953531101196
sp3,34,1,1,3,17.2420699485892,5.10569455496696,10.2652298659789
sp3,34,1,1,4,22.594847882519,4.89472213619173,15.1599520021707
sp3,34,1,1,5,38.3024248945826,4.91033055501586,20.0702825571865
sp3,34,1,1,6,38.3024248945826,4.90989068361514,24.9801732408017
sp3,34,1,1,7,41.6460536436068,5.0144748214968,29.9946480622985
sp3,34,1,1,8,44.3103397004276,5.02231479001085,35.0169628523093
sp3,34,1,1,9,45.6353441729466,4.94928635603769,39.966249208347
sp3,34,2,2,1,,,0
sp3,34,2,2,2,,5.15953531101196,5.15953531101196
sp3,34,2,2,3,,5.10569455496696,10.2652298659789
sp3,34,2,2,4,,4.89472213619173,15.1599520021707
sp3,34,2,2,5,0.850434432181876,4.91033055501586,20.0702825571865
sp3,34,2,2,6,2.37600822175779,4.90989068361514,24.9801732408017
sp3,34,2,2,7,7.05259504646012,5.0144748214968,29.9946480622985
sp3,34,2,2,8,13.6794540492606,5.02231479001085,35.0169628523093
sp3,34,2,2,9,14.4419997848627,4.94928635603769,39.966249208347
sp3,35,1,1,1,,,0
sp3,35,1,1,2,,4.83128387527854,4.83128387527854
sp3,35,1,1,3,,4.9039809882617,9.73526486354024
sp3,35,1,1,4,,5.09238133136978,14.82764619491
sp3,35,1,1,5,,5.22672434154318,20.0543705364532
sp3,35,1,1,6,,4.97040273848502,25.0247732749382
sp3,35,1,1,7,0.306128355698672,4.96749118552043,29.9922644604587
sp3,35,1,1,8,0.6227054589997,4.98485348473909,34.9771179451977
sp3,35,1,1,9,1.16042431491184,4.99250439450415,39.9696223397019
sp3,35,2,2,1,9.39012469793996,,0
sp3,35,2,2,2,,4.83128387527854,4.83128387527854
sp3,35,2,2,3,,4.9039809882617,9.73526486354024
sp3,35,2,2,4,,5.09238133136978,14.82764619491
sp3,35,2,2,5,,5.22672434154318,20.0543705364532
sp3,35,2,2,6,,4.97040273848502,25.0247732749382
sp3,35,2,2,7,,4.96749118552043,29.9922644604587
sp3,35,2,2,8,,4.98485348473909,34.9771179451977
sp3,35,2,2,9,,4.99250439450415,39.9696223397019
sp3,36,1,1,1,,,0
sp3,36,1,1,2,0.926121741029434,5.04158240955977,5.04158240955977
sp3,36,1,1,3,0.926121741029434,5.00741595731572,10.0489983668755
sp3,36,1,1,4,4.49520138604459,5.20537740385416,15.2543757707297
sp3,36,1,1,5,9.70270997281266,4.9588710702254,20.2132468409551
sp3,36,1,1,6,13.4971267566874,4.96000905180673,25.1732558927618
sp3,36,1,1,7,23.6495962393056,4.97373921113314,30.1469951038949
sp3,36,1,1,8,32.9062947476334,5.02368900851573,35.1706841124107
sp3,36,1,1,9,34.7055061573193,5.11546760476057,40.2861517171712
sp3,36,2,2,1,8.79876742807697,,0
sp3,36,2,2,2,18.5589946667393,5.04158240955977,5.04158240955977
sp3,36,2,2,3,,5.00741595731572,10.0489983668755
sp3,36,2,2,4,,5.20537740385416,15.2543757707297
sp3,36,2,2,5,,4.9588710702254,20.2132468409551
sp3,36,2,2,6,,4.96000905180673,25.1732558927618
sp3,36,2,2,7,,4.97373921113314,30.1469951038949
sp3,36,2,2,8,,5.02368900851573,35.1706841124107
sp3,36,2,2,9,,5.11546760476057,40.2861517171712
sp3,37,1,1,1,15.9681310033458,,0
sp3,37,1,1,2,23.2263528845508,4.96223363692638,4.96223363692638
sp3,37,1,1,3,23.2263528845508,4.9821450238344,9.94437866076078
sp3,37,1,1,4,,5.02861165385522,14.972990314616
sp3,37,1,1,5,,4.93359399380039,19.9065843084164
sp3,37,1,1,6,,4.98652899728235,24.8931133056987
sp3,37,1,1,7,,4.86417655416123,29.75728985986
sp3,37,1,1,8,,4.83385729250221,34.5911471523622
sp3,37,1,1,9,,5.09495445355184,39.686101605914
sp3,37,2,2,1,14.8682877863853,,0
sp3,37,2,2,2,24.7750652121305,4.96223363692638,4.96223363692638
sp3,37,2,2,3,27.2546602681853,4.9821450238344,9.94437866076078
sp3,37,2,2,4,37.7404987368212,5.02861165385522,14.972990314616
sp3,37,2,2,5,46.585076681707,4.93359399380039,19.9065843084164
sp3,37,2,2,6,46.6471749619086,4.98652899728235,24.8931133056987
sp3,37,2,2,7,47.7863181282023,4.86417655416123,29.75728985986
sp3,37,2,2,8,60.1539610887131,4.83385729250221,34.5911471523622
sp3,37,2,2,9,,5.09495445355184,39.686101605914
sp3,37,3,3,1,51.5879941841885,,0
sp3,37,3,3,2,60.9223949813098,4.96223363692638,4.96223363692638
sp3,37,3,3,3,,4.9821450238344,9.94437866076078
sp3,37,3,3,4,,5.02861165385522,14.972990314616
sp3,37,3,3,5,,4.93359399380039,19.9065843084164
sp3,37,3,3,6,,4.98652899728235,24.8931133056987
sp3,37,3,3,7,,4.86417655416123,29.75728985986
sp3,37,3,3,8,,4.83385729250221,34.5911471523622
sp3,37,3,3,9,,5.09495445355184,39.686101605914
sp3,37,4,4,1,,,0
sp3,37,4,4,2,,4.96223363692638,4.96223363692638
sp3,37,4,4,3,,4.9821450238344,9.94437866076078
sp3,37,4,4,4,0.520636709563457,5.02861165385522,14.972990314616
sp3,37,4,4,5,2.01260383368533,4.93359399380039,19.9065843084164
sp3,37,4,4,6,3.20518177021413,4.98652899728235,24.8931133056987
sp3,37,4,4,7,6.34461838781835,4.86417655416123,29.75728985986
sp3,37,4,4,8,13.1626660344963,4.83385729250221,34.5911471523622
sp3,37,4,4,9,13.1626660344963,5.09495445355184,39.686101605914
sp3,37,5,5,1,13.5233052484336,,0
sp3,37,5,5,2,22.3105592537317,4.96223363692638,4.96223363692638
sp3,37,5,5,3,24.5176609151115,4.9821450238344,9.94437866076078
sp3,37,5,5,4,36.9057297068241,5.02861165385522,14.972990314616
sp3,37,5,5,5,44.7065408664941,4.93359399380039,19.9065843084164
sp3,37,5,5,6,44.7065408664941,4.98652899728235,24.8931133056987
sp3,37,5,5,7,54.1649677852525,4.86417655416123,29.75728985986
sp3,37,5,5,8,,4.83385729250221,34.5911471523622
sp3,37,5,5,9,,5.09495445355184,39.686101605914
sp3,38,1,1,1,25.2348482752908,,0
sp3,38,1,1,2,31.899895446016,4.94510403171191,4.94510403171191
sp3,38,1,1,3,34.4011226963959,5.12294902765425,10.0680530593662
sp3,38,1,1,4,,5.00274028501258,15.0707933443787
sp3,38,1,1,5,,4.79076532559391,19.8615586699726
sp3,38,1,1,6,,5.128834900912,24.9903935708846
sp3,38,1,1,7,,5.19952658775413,30.1899201586388
sp3,38,1,1,8,,4.96131461587665,35.1512347745154
sp3,38,1,1,9,,5.03541132395945,40.1866460984749
sp3,38,2,2,1,,,0
sp3,38,2,2,2,,4.94510403171191,4.94510403171191
sp3,38,2,2,3,,5.12294902765425,10.0680530593662
sp3,38,2,2,4,,5.00274028501258,15.0707933443787
sp3,38,2,2,5,0.905412970667758,4.79076532559391,19.8615586699726
sp3,38,2,2,6,1.46423748999101,5.128834900912,24.9903935708846
sp3,38,2,2,7,5.0128978574568,5.19952658775413,30.1899201586388
sp3,38,2,2,8,13.4173496444759,4.96131461587665,35.1512347745154
sp3,38,2,2,9,13.7264948274074,5.03541132395945,40.1866460984749
sp3,38,3,3,1,2.27097949464243,,0
sp3,38,3,3,2,6.06787063756681,4.94510403171191,4.94510403171191
sp3,38,3,3,3,6.33997475438276,5.12294902765425,10.0680530593662
sp3,38,3,3,4,13.9926245872174,5.00274028501258,15.0707933443787
sp3,38,3,3,5,20.0981647539495,4.79076532559391,19.8615586699726
sp3,38,3,3,6,,5.128834900912,24.9903935708846
sp3,38,3,3,7,,5.19952658775413,30.1899201586388
sp3,38,3,3,8,,4.96131461587665,35.1512347745154
sp3,38,3,3,9,,5.03541132395945,40.1866460984749
